-0.000000 
0.000000 
0.000000 
0.000000 
0.000000 
0.000000 
0.000000 
0.000000 
-0.000000 
0.000000 
0.000000 
-0.000000 
0.000000 
0.000000 
0.000000 
0.000000 
-0.042801 
0.000000 
0.000000 
-0.000000 
0.045681 
-0.000000 
0.000000 
-0.000000 
0.000000 
0.000000 
-0.000000 
0.000000 
-0.000000 
-0.000000 
0.000000 
-0.000000 
-0.000000 
0.000000 
-0.000000 
-0.000000 
-0.000000 
-0.000000 
0.000000 
0.000000 
0.000000 
-0.000000 
-0.000000 
-0.000000 
-0.000000 
0.000000 
0.000000 
-0.000000 
-0.000000 
0.000000 
-0.050246 
-0.000000 
-0.000000 
0.000000 
0.000000 
-0.000000 
0.000000 
0.000000 
-0.000000 
-0.000000 
0.005844 
-0.000000 
-0.000000 
-0.000000 
0.000000 
-0.000000 
-0.000000 
-0.000000 
-0.000000 
0.000000 
-0.000000 
0.000000 
0.000000 
0.000000 
-0.000000 
0.000000 
0.000000 
-0.000000 
-0.000000 
-0.000000 
0.045681 
-0.000000 
0.000000 
0.000000 
-0.077684 
0.000000 
-0.000000 
-0.000000 
0.000000 
0.000000 
0.000000 
0.000000 
0.000000 
-0.000000 
-0.000000 
-0.000000 
0.000000 
0.000000 
0.000000 
-0.000000 
-0.000000 
-0.000000 
-0.000000 
-0.000000 
-0.000000 
0.000000 
0.000000 
0.000000 
-0.000000 
-0.000000 
-0.000000 
0.000000 
-0.000000 
-0.000000 
0.000000 
-0.000000 
0.000000 
-0.000000 
0.000000 
-0.000000 
-0.000000 
-0.000000 
-0.000000 
0.000000 
0.000000 
0.000000 
-0.000000 
-0.000000 
-0.000000 
0.000000 
0.000000 
-0.000000 
-0.000000 
0.000000 
-0.000000 
-0.000000 
-0.000000 
-0.000000 
0.000000 
0.000000 
0.000000 
-0.000000 
0.000000 
-0.000000 
-0.000000 
-0.000000 
-0.000000 
-0.000000 
-0.000000 
-0.000000 
0.000000 
-0.000000 
0.000000 
-0.000000 
0.000000 
-0.000000 
-0.000000 
0.000000 
0.000000 
0.000000 
0.000000 
0.000000 
-0.000000 
-0.000000 
0.000000 
0.000000 
0.000000 
-0.000000 
0.000000 
0.000000 
-0.000000 
0.000000 
-0.000000 
0.000000 
0.000000 
0.000000 
0.000000 
-0.000000 
-0.000000 
0.000000 
0.000000 
0.000000 
0.000000 
-0.000000 
-0.000000 
-0.000000 
-0.000000 
0.000000 
-0.000000 
-0.000000 
0.000000 
0.000000 
0.000000 
-0.000000 
0.000000 
-0.000000 
0.000000 
-0.000000 
0.000000 
0.000000 
-0.000000 
0.000000 
0.000000 
0.000000 
0.000000 
-0.000000 
-0.000000 
-0.000000 
0.000000 
0.000000 
0.005844 
-0.000000 
-0.000000 
0.000000 
-0.000000 
-0.000000 
0.000000 
-0.000000 
0.000000 
0.000000 
0.992656 
0.000000 
0.000000 
0.000000 
0.000000 
-0.000000 
0.000000 
-0.000000 
0.000000 
-0.000000 
0.000000 
-0.000000 
0.000000 
0.000000 
-0.000000 
0.000000 
0.000000 
0.000000 
-0.000000 
-0.000000 
-0.000000 
0.000000 
0.000000 
-0.000000 
0.000000 
0.000000 
-0.000000 
0.000000 
0.000000 
0.000000 
0.000000 
0.000000 
-0.000000 
-0.000000 
0.000000 
0.000000 
