0.001353542167487503
0.00037952929421970153
0.00043763323233711205
7.670117149159523e-05
0.00036570502785906447
7.45675929138395e-05
0.0009182834480858826
0.0002782261956421889
0.0005203663094364865
0.0003076650891662992
0.0014825719171791105
0.0016226810367599535
0.00045870622604421424
0.0002895267074137137
0.0006671383341671834
0.0015102365804070175
0.0003106149630393851
0.0010335351971465343
0.00047876309947216894
0.0011595154052346
0.0016601387331744704
0.0003843216812623522
0.0010030645713526957
9.210575553061679e-05
0.0003953943279463216
0.00026418117914821053
0.0012749912120230862
0.0017325994154675259
0.00047023435569953296
0.00021809648422938256
0.00019847525163741868
0.0003886183465355025
0.0004708941996343244
0.0005656205554841968
0.00020375924535935428
0.000739854592769108
0.00016177071822535096
0.00024357083368076732
0.00010170500093106487
0.0005099484039760391
0.003498873817403273
0.00036252190631522836
0.0003472879704782117
0.00037109020195757363
0.00022870683241793532
0.00010316293835516218
0.00037533548400382917
0.00010578287746112817
0.0020533498302719878
0.00027788964122576446
0.0012845764869809906
0.00013952694726690002
0.0007713498887223263
0.0002975157041369327
0.0010695316875835904
0.0001886590069024356
0.0008784882299960289
0.00033677306640113547
0.0008025114171748252
0.0005062426197985212
0.0006470754769501748
0.00047480420597206016
0.0009314590778897036
0.0014864802515565478
0.0002155541792979902
0.0005089569263466338
0.00023537806372477736
0.0006963307109402866
0.0005671342216515142
0.0008847584091597968
0.00023743048948036646
0.00014427190877308276
0.009116224819265217
0.00015364021809946893
0.000641648708076168
0.0003619155706642198
0.0008856813057792266
0.00011471412072285096
0.0002728213242917904
0.001111333766485362
6.330334824944512e-05
0.00014907259981805128
0.0012038787740546388
0.0018118931706146244
6.513255406561981e-05
7.973025712240656e-05
0.00017439480973032974
6.943231967506499e-05
0.00211564857970241
0.0016406288018768378
0.0002931686636615522
0.0001831503474971685
0.0012054157117300577
0.015218601054880546
0.0030596452390479903
9.958896162012166e-05
0.002839561606351985
0.00813234586176018
0.00026976921623434797
0.0003465039687231401
8.977831862321507e-05
0.00025539998280793666
0.00031573849144596674
0.00021201903708009442
0.0002283726680370144
0.0003679210835580216
0.0002448269738515474
0.0010026228063687434
0.19946680435140707
0.00031427961554987956
0.0002440259735221465
0.0007911764994987967
0.0007201598034462193
0.0004374085226091798
0.00022872099834545648
0.00019154952913849014
0.00041896074120454334
0.0013067394675603716
0.024103992119973203
0.003005407502920587
0.0002735107552402495
0.0007338429547815267
0.0002661330897451557
0.0003211132747853239
0.0009498354209644022
0.0003321020906594328
0.0017293647992763094
0.0015056158395106822
0.0010871794497260645
0.0005914904388261636
9.134945592341081e-05
0.0008873809651809608
0.00011734468167159579
0.0029235549217567964
0.0004693499010868067
0.0003082364398448422
0.0002631914584289692
0.0006654605188206602
0.001808789996704379
0.00048193773183206483
0.0007188675785552383
0.00024935180821267135
6.97632144882621e-05
0.00014264494236118413
0.00022896663634080429
0.0001592491994311749
9.224837337009725e-05
0.0032866935663532545
0.00010904533791666616
0.0005736745386782207
9.569576859397263e-05
0.0006693077918469301
0.0005282470570842014
0.0001861916829696941
0.0002898339761407508
8.035776164821566e-05
0.000980871760320848
0.0002671305941977303
0.0003254780202030236
0.00012668081998680315
0.000247814552989326
0.00017007422858420716
0.004063198464989216
0.00011450018879039298
0.0008259586385662881
0.0001263473827534691
0.00019236227465101912
0.0006666722670129438
0.0004936974568473506
0.0007440482052532648
0.00018159573470108952
0.0005382404101045356
0.00021946830892171179
0.0006078698881599368
0.00018040376079222958
0.00038243717993309307
0.0004786522667492769
0.0011691406848440245
0.0002816464548465769
0.00031736762198278286
0.000768721879012954
0.0007403303262792538
0.0005747128198270809
0.0002948622247651438
0.0005189746402649392
0.00021063638985602438
0.00042271776140500363
0.00011539139744285702
0.0024767542345515313
0.00010447111586294411
0.00013517785975914582
0.0002756710152237358
7.003352731203065e-05
0.00010222189123168125
9.70660497488332e-05
0.00020185654763187424
0.00010703543961204743
7.658786378786524e-05
0.0014452311911035633
0.000290604830541359
0.00014224417555924946
0.0015670549414035795
0.00041458074157051924
0.0009941672682889937
0.002874254247299058
0.0022165820477331346
0.000624736016416214
0.001294254081810264
8.407355120952204e-05
0.00018920888469773874
0.00016263380904452408
0.00015541319599082307
0.0004454697689195776
0.000470280391392674
0.0007342875773259477
0.0008916471058380794
0.0007743717744987735
0.00015994428843411223
0.00012213710545010367
0.002648841319659284
0.00033264863182250074
8.685545106946799e-05
0.000311860747061883
0.00020639164345950128
0.00067804279522982
0.0006402698882746142
0.0003261735465942118
6.40984861092405e-05
7.403026150750152e-05
0.0007391632244046342
0.000424018883790214
0.000728017821386615
0.00023535456867523267
0.0001459711850221797
0.0004025517119001593
0.0007908778078848979
0.0002763421767511206
0.0004744719812608265
0.0002972528477402763
0.00012436322107745254
0.0003049692265813413
0.00011302445936859027
0.0006942971433086837
0.0004877914228356056
0.001875543772498881
0.0004053931191368557
0.0005972612922149123
0.001724904531156339
0.0009855162407268526
0.0001994997849428609
0.0004883407536583881
0.0006519223132151307
0.0007242658154977287
0.0003075922729831876
9.344512661514305e-05
0.0002574033941083697
0.0001995580561051196
0.00046621455851139865
0.0004088002241569071
0.000545722771300056
7.851245299917647e-05
0.0005467440170469183
0.002022389574181262
0.00029928226726657356
0.00030630692094926705
0.00029152585980266906
0.000255969022605958
0.00012717101309440084
0.0012718050730186495
0.0005205363247312461
0.0006251871000139088
0.00027144336063472365
0.0008934565515388648
0.00022553101927197706
0.00041030573626167334
0.00087937958268993
0.000627609056197213
0.00031582576489976104
0.0002887325533636981
0.00027043801379384277
0.0002310293359096991
0.00017202398403428566
0.0001821821382435396
0.0001636074231323138
0.0002880093726141616
0.00041158519941384103
0.00022238098701128528
0.0016189247275005209
0.001184298007970356
0.0004479506763276329
0.000386434623914134
0.00044637398850309786
0.00037246386595086214
0.0005134630370857417
6.0862530874336374e-05
0.002104946477327468
0.000647576032325484
0.00035445411892673893
0.004998344038545954
0.0003295289088160249
0.004849613867499717
0.000772561964837217
0.0006328872849906666
0.00016594045194282892
0.003445228750424853
0.00022421609127598057
0.00012736266099095493
0.0004973028889416058
0.0003963158657081917
0.001684618501916154
0.00026223952860105685
0.000565942957085503
0.0003011835626355456
0.0005540396469930569
0.00030738603155497796
5.193088482248295e-05
0.0006620101000531734
0.00022599670871639247
0.0001648198525436833
0.0006958930979687852
0.0001923949463824486
0.0001656563632517383
0.0008444299114845165
0.0008182559198757522
0.00020966959275083754
0.00016597385011638525
0.0003455795854443689
0.0003109149648152333
0.000468712145288575
0.00017890718247445025
0.000585091977507994
0.0004338705153044093
0.00020316485075523434
0.00042063710557763075
0.00014450691052608379
0.0006049796573492538
0.00036590330815595626
0.0003672398689504086
0.0007388298485813122
0.000952632735471419
0.0001391977827886395
8.621750325932159e-05
0.00014767585470272873
0.0009744005388554299
0.0014766343042093505
9.896291842365849e-05
0.0003828459693254421
0.0008146681430869419
0.0008233554358927922
0.0002757527981791487
0.00012984014729428087
0.004042080312976413
0.0002803598654343395
0.0004602108896990613
0.0002959484979272799
0.00011338446712106234
8.993358582244961e-05
0.00027383948202257984
0.0005083657842582592
0.0002282859171723198
0.0011847199630014846
0.0002623709049662642
0.004370563693967972
0.0010009212535121723
0.0002784784126916619
0.00015332027299276506
0.0005357861413254043
0.00025571070250101426
0.0005149102400470055
0.00031942826015643743
0.0006411709167321215
0.00011622196217635176
0.001437526503630204
0.000646140665775272
0.00012536712293108402
0.0001381439454805295
0.0005572551774847369
0.0004240909807340714
0.0007309479748784365
0.0004916273892828215
0.0013728518881849572
0.00019926905825691434
0.00020299574592324486
0.00031920491356940563
0.00011575001605764724
0.00015637101706459739
0.0002109956080867259
0.0002813674115313346
0.009983360369413441
0.0007166395959905962
0.00023960780175564955
0.0008411342585293408
0.0005003281230865815
0.0012231265160848447
0.0014783804133556295
0.00013797192771299212
0.00042672441255311105
0.00027040630664218116
0.00022098735908897567
0.00020256618320225412
0.0024951319363568573
0.0003627591912907409
0.0001473523094196434
0.00024092532957284266
0.0001813437230272579
0.000469199553678379
0.0002644454474447679
0.00016097612110279195
7.917628247819119e-05
0.0008358550242307932
0.00024302040419230274
0.000432400168421181
0.0003205812291544201
0.0004825655808935197
0.0011288935268538242
0.001279534859820746
0.0005569783620155486
0.00011743178945511639
0.00024416030428597954
0.0012140657544621777
0.0003611668036363084
0.00017947948310298553
0.00024621453686007416
0.00014679317699207756
0.000401485945201516
0.00022792800838703905
0.00013906304864294433
9.527195514323298e-05
0.00032285574756843824
0.0006405601338013996
0.00019687897835716923
0.0011984022038531654
0.0007405305544982955
0.00024120939205431578
0.00016214902200321096
0.0006908432895105458
0.00013780108710822843
0.0002573337709885329
0.0001442857366862298
0.00045656075940176224
0.0008640185525566027
0.00029452123385319826
0.00015888468185515722
0.0004136457594636929
0.0004126824075087076
0.0007885500327115237
0.0006866599870277025
0.0006978985458161997
5.1736558968003943e-05
0.00016694811050136364
0.00017824664350000032
0.0005806096556416759
0.0003053822337690157
0.0004571820707308262
0.0003849891540267486
0.00014191825979594744
0.00015698916022757983
0.00011561681459346093
0.00032654108472507354
0.0007030149613963636
0.0009501544890181191
0.0006812285882220394
0.00026785772301286944
0.0003559837183925887
0.00020843621679115073
0.0001411513925558192
0.0008888545405447099
0.006978351440097178
0.00022217643804493969
0.0008157861498293714
0.0001608458727024549
0.0002750949172619299
6.889937868785856e-05
0.00020769928857530744
0.0003881592915490065
0.00016885109714978385
0.00024647528417032514
0.0002613898175226803
0.0005182939312155532
0.0005423573986931143
0.0004341757524602985
0.00017353230001986041
0.0003943822014225475
0.0011615259833992473
0.0007150035987233884
0.00029098652368565953
0.0008292356182694374
0.00036010805851239446
0.00016839501594212238
0.0006867879294533146
0.0003109452470610266
0.00017184706724252742
8.229968310079229e-05
0.0006373519464841683
0.00127154251753224
0.0001330121057864184
0.0007124021125616817
9.388265945621051e-05
0.00011319716845608481
0.0013146295612202743
9.30137581297752e-05
0.00016784026647049136
0.00013724198766133824
0.0004183286194413864
9.607756510445502e-05
0.00021599661749515902
0.002895351728102395
0.0005860247040474637
0.0003581628616754644
0.000542958156067807
0.0006434745041300815
7.795809656969853e-05
0.000214044727188663
0.00037787914063560724
0.0016203973962952186
0.00041859375940402386
0.0001805235005246857
0.0005058713431959888
0.00011356454620443463
7.852833761386417e-05
0.0004124880188447864
0.00045252457232653544
0.00015770512095365295
0.0003423195405572634
0.000345392086505776
0.000485846393648634
0.0004025673518397012
0.0008518925040140897
0.0006972738321646574
0.008075185661945455
0.00013919316687816238
0.00011625761184509661
0.00013561135542437298
0.00043842015778102405
0.00013500974662076162
0.0007289584422846185
0.0003278214590569945
0.00018274421464749822
0.00020568364641396043
0.00014448668853593043
0.0003584907100886954
0.0003930904560908617
0.00032680531035742905
0.0012523772626623598
0.0006552593668663387
0.03088712993202375
0.0001575610464594866
0.00014710366027337587
0.0001523374569809736
0.00013479027238149534
0.00028347402297099455
0.0002904479141687063
0.0001959845790563415
0.0005743105031747234
0.0006814199411173617
0.0002667012313157074
0.0034983624314350423
0.00065839683889529
0.0007298049732438839
0.00029566845908406104
0.00024466656081551246
0.0002806968070165119
0.0003099412064763554
0.0005832318050686218
0.00016897224827184366
0.0002701239994097594
0.00013821446159649627
0.0017908166493439974
0.0006020156015585666
0.000378772243279089
0.0014225857272561115
0.000233756595472812
0.0009729752290413364
0.0006616530359197049
0.00019544310076417124
0.00044447684539785954
0.0002981443457102218
0.0001743040834544115
0.0008142258204139193
0.01094971861510362
0.0002783247086965761
0.0011484054681420565
0.0003063247017510343
0.0007831076367520968
0.0002570451192708857
0.0003971262623486118
0.0004097869832574699
0.0017380806663212193
0.0006724055713229306
0.00040985375464281314
0.002119015763815667
0.0018057164102722914
0.002071135998584906
0.00012023879709000294
0.0003786046747501241
0.0005029307113543508
0.0001319740420769928
0.00035319583185570747
7.623740776103706e-05
0.00044462290342984156
0.0068176859076848955
0.0002454225844425376
0.0004483414425837999
0.0004686937166200514
0.00045265879070703716
0.001049323829325361
0.0002623234352233595
0.00023405100774181523
0.0010339090759660032
0.0006721071923004702
0.0007208413322422111
0.00017321780372610624
0.00021691902457744093
0.00045539582276764426
0.00021043387120802624
0.00015499855677336607
0.0001124564846467043
0.00023229781340621086
0.0002824821443689823
0.0004221754874168587
0.00018660256222983478
0.0006716162092040895
0.0001519623064363776
0.0007741900360219401
0.0005700253507839719
0.00034938102564822156
0.0004576278143438571
0.0007573950288271877
0.002343701197047897
0.00043420844583949044
0.00017024201693191702
0.004278676858319924
0.00011420858057549892
0.00014527579161776715
0.00047706725087220394
0.0003343487801374167
0.0012957298647305441
0.0003704726714441072
0.00023774250817281526
0.00022521731190884724
0.00048359293344537425
0.0002668471054105003
0.0001627854347735761
0.00013178123111254165
0.0008267255511473591
0.00019243012635949855
0.00038987224726215485
0.0007520695403118705
9.251005244176701e-05
0.0004565024482542647
0.00016573668481345859
0.00035158745410246623
9.409818071719955e-05
0.0010172696223885805
0.00032907573427059513
0.000254581294122094
0.0006900047931767681
0.0001923969871154009
0.00038350920092792683
0.0002768492935618057
0.0002922491323256766
0.00035021199745159627
0.00047879242137045987
0.0001321154260402907
8.445912620425881e-05
0.000558543367386333
0.0008367424637819414
0.0003597651275401749
0.00022791017286541112
0.0009451279899543031
0.0005172089665278977
0.00038748476291710206
0.0004910416465246472
0.0007333517723862767
0.00032150468186039157
4.8814535127484795e-05
0.0006936173127880304
0.0002918469971445434
0.00013983541920021753
0.00011025159817544657
0.0003199408779576378
0.0003451682230287113
0.0007855369325758241
0.0001340531788715112
0.008643863293789451
0.0005074053687366239
0.00037788418363606603
0.00021719051890787763
0.0002391259498273372
0.0003567799794048291
0.0016997802584589304
0.0006080242408361605
0.0002978375249757167
0.001026701964490019
0.00014528026147614132
0.0006107522368787039
0.00013058470356665987
0.00032912978454026175
0.00016058797334325456
0.0008307210180546879
0.0003699118543098219
0.0005705243961830603
0.0007599776728379488
0.008058299706490944
0.0009110214421138483
0.0008078598766742063
0.00018612191007292495
0.0002826222600318266
0.00036409799370310577
0.00027940254991776014
0.0006951229664714198
0.0012265718191865089
0.00034318713729143
0.0009683516933551566
0.000641802961185946
0.0001548643413296026
0.00013081905787387565
0.00031177542822220447
0.0006433713083311901
0.0001693620862426965
0.00025240844321094394
0.0010079868559431748
0.0029733026039554062
0.0012380219174462257
0.00019604551135825256
0.0006631064766326681
0.00042087571100386854
0.00017101967707829275
9.284682116024616e-05
0.00026847835625794795
7.503526794842835e-05
0.00020526653217582637
0.0003562781959169706
8.09768434540992e-05
0.00017158577489758556
0.00021756656290661727
0.00013843846498432546
0.0003236610351237825
0.0008719197464556472
0.0014717671345620181
0.0005119932935686566
0.00016619661296518885
0.00022625597106548233
0.0015416658311243909
0.0002738486104805188
0.014801421543332777
0.0002874637602662057
0.0005877875138302577
0.00041134951615552103
0.00013216529061527884
0.00011448851416522914
0.00037620104417307486
0.0005216836515303379
0.00012407699040755627
0.0003532806009432448
0.00043917429666235074
0.001604136036793499
0.00021606585610402753
0.0006829677255535921
0.00039717969862471055
0.0003016043914970007
9.312163440861766e-05
0.0010592450740897223
0.0005653253137960999
0.000317390524856367
0.0005594933452145268
0.0012287921912978383
0.0007487831516116381
0.00019739226606637397
0.00022752215199917984
0.0018443102311582978
0.0003118877869043868
0.0002676927376840014
0.0002380569127611998
0.00022412541478601387
0.000494259269569268
9.917616695804709e-05
0.00016010856344287518
0.0004976346994289283
0.00029851357822337584
0.0004590432559464172
0.00013619173314400517
0.00028206333800702665
0.0016431752195152445
0.00042026095739609853
0.0003029579078760404
0.0002861079718075228
0.000651825455241252
0.0006149888973543513
0.00023035153351146393
0.0013834292508822811
0.0005508343117504689
0.00044011514368875917
7.601516520878138e-05
0.0009038157683489579
0.0017101133105781978
0.0012360158287395098
0.0062556513023660325
0.00038310080696270894
0.0004319260140895114
0.0005604853422317066
0.0011521131281375166
0.000320730515379046
0.0002643926841204014
0.00047401298212618653
0.0005264229784546901
0.00035158322597866263
0.00015231356021403418
0.0002977077662709467
0.00023159989970854327
0.0005199220382841037
0.00023087275921857686
0.0007596488685495384
0.0004786262259202357
0.00017729136303241402
0.00020710230635447195
0.001103669005895514
0.00019885227770272606
0.0007171659825665593
0.0006223085150038135
0.0008573434355092178
0.00027871115077652853
0.00014768254466264634
0.00016987477669147799
0.0013303961973967994
0.00010922087123537502
9.854196827463603e-05
0.0005042424409118861
0.0008382772875389514
0.0015453967911394104
0.00024749801062781544
0.00656255291328101
0.00018126397200590415
0.0005731107529738557
0.00015928413980837762
0.0012303562048401099
0.0015167330660805847
0.0013815519021748268
0.0018002634360761716
0.00030765161609343857
0.0002670124783804115
0.00010148072966253745
0.00014355575847968852
0.002240601392938986
0.002132968336438928
7.341111382737543e-05
0.00026688898864769166
0.0006103846367920423
0.0007370265450176903
0.00018385761485458142
0.00030338482758363917
0.0002062489997405778
0.00011763238137834259
0.00044515695637228805
0.003905937508594945
0.00048726858742646826
0.00011377910452372226
6.252925632953155e-05
0.00025919786192526436
0.0008518349972856899
0.015233220269448464
0.000245363298929293
0.00024154439267224441
0.00010856275265239128
0.0001730611610351403
0.0002659245543915082
0.0007434885577478045
0.00024373759686402888
0.021289528624026322
0.0007177575374291652
0.0008867111066976327
0.00024528566342166985
0.0002689645967066535
0.001155958359598804
0.00015702723720748406
0.00024983795014070243
0.00021178865944268974
0.00027213308828125663
0.00025209101574897425
0.00018998881288372814
0.0002796966745167641
0.0007823892672059772
0.00021470585811911137
0.0009284202785766505
8.573074745699356e-05
0.00038143371790728194
0.00036290629624829345
0.0002757873860485767
0.001422884125978168
0.0009299297314243575
0.00020705173122737456
0.0003444416512552198
5.776140295060256e-05
0.00043874252326335414
0.00030708658276211605
0.0002966813440542037
0.0001266772639361497
0.0001843032626260843
0.0006616879022337847
0.0003439207930519936
6.588459369381722e-05
0.0008956689258043627
0.000526539856476795
0.0010150416013721983
0.012948897433152449
0.0004380204543344823
0.001359127632082955
0.00010725427802695394
0.0001750163363919492
0.00033511347321199325
0.0006233929148761613
0.0006556657824435828
0.00012556761634891292
0.0003248888429155277
0.0005803478494686088
0.00026128061576544733
0.0004492604967078398
0.001098753205032103
0.0008907148468961104
0.0001337847389973555
0.0012529650938596594
0.0008085327295510882
0.00023617013726397293
0.000167537050865628
0.0067911173449862255
0.00019897110636882154
0.0007446914024805156
0.0034724158072607825
0.00035445364533153725
0.00021625114330356515
0.00010843888631602319
0.00017421850913184364
0.000642994729266665
0.0019848462925865736
0.00025907969253679343
0.0012135690294437433
0.00021169959493323663
0.0003780798439014931
8.333485876608691e-05
0.0008022277822293344
0.0004655797216213514
0.00029735724406809483
0.0005364313565638262
0.00037908658674576634
0.00024538530290140555
0.007893974768968054
0.00030072841984240487
0.0017402044073064416
0.0007909334036004454
8.459460555716435e-05
0.0004703009175519265
0.00042138253419827994
0.0003741025256966233
0.00021907032200598077
0.00047279942754184214
0.001920735520449005
0.00015994818026099331
0.0004733727903342781
0.0009127005507811423
0.000642610844572968
0.0004600770621087179
0.0005944022424344416
0.0005586754011679872
0.00022456255823472815
0.0005567225093221779
0.0005014550182833237
0.0006202057073491401
0.0006420142810895841
0.008729589288496905
0.0006518113018209559
0.00014227735457689807
0.00015069466709040615
0.003168452563304437
0.0026370221384604937
0.000543497421197434
0.00040989533149962253
0.000578557290277813
0.0008728795649342894
0.00028859059563879927
0.00031149976108343035
0.004707758031808103
0.0007022190507701686
0.00027315926431447735
0.00035729812668084966
0.00031635945100518773
7.485711090511993e-05
0.0004891625067681753
0.0005015687308048866
0.0003142753494856029
0.0006839711094771786
0.0012440250783394122
0.0007770069888477241
0.00021944385901703407
0.0012061146719495228
0.00029148723541315126
0.00011553076322821574
0.0026027405579871444
0.00017229866815907606
0.0006370680681310063
0.000655029135732259
