1.5253256224066563 0 0 0 0 0 0 0 0 
-0.2724180193998684 3 0 0 0 0 0 0 0 
-0.08794122934165584 1 1 3 0 0 0 0 0 
-0.08794122934165584 2 2 0 0 0 0 0 0 
-0.4043851244705001 3 3 0 0 0 0 0 0 
-0.692149616445082 0 3 3 0 0 0 0 0 
0.05255329774132767 3 1 1 3 0 0 0 0 
0.05255329774132767 0 2 2 0 0 0 0 0 
-1.0346287559322498 0 0 3 3 0 0 0 0 
-0.08794122934165581 0 0 0 3 1 1 3 0 
-0.08794122934165581 0 0 0 0 2 2 0 0 
-0.4043851244705001 0 0 0 0 3 3 0 0 
0.05255329774132766 0 0 0 0 3 1 1 3 
0.05255329774132766 0 0 0 0 0 2 2 0 
-0.6921496164450818 0 0 0 0 0 3 3 0 
-0.2724180193998682 0 0 0 3 3 0 0 0 
-1.0346287559322498 0 0 0 0 0 0 3 3 
0.0026178488871805078 1 3 1 3 0 0 0 0 
-0.012794256152536574 2 0 2 3 0 0 0 0 
-0.01541210503971709 1 0 1 0 0 0 0 0 
-0.01541210503971709 1 0 1 3 0 0 0 0 
-0.012794256152536574 2 0 2 0 0 0 0 0 
0.0026178488871805078 1 3 1 0 0 0 0 0 
0.1084835363944962 3 3 0 3 3 0 0 0 
0.004710680170687968 3 1 3 0 1 0 0 0 
-0.004710680170687968 3 1 3 3 1 3 0 0 
-0.004710680170687968 0 1 0 0 1 0 0 0 
0.004710680170687968 0 1 0 3 1 3 0 0 
0.012608046401606652 3 3 0 0 2 2 0 0 
0.012608046401606652 3 3 0 3 1 1 3 0 
0.08831604919069061 0 3 0 0 0 0 0 0 
-0.01838610620502466 3 1 1 3 2 2 0 0 
-0.01838610620502466 3 1 1 0 1 1 3 0 
-0.01838610620502466 0 2 2 0 2 2 0 0 
-0.01838610620502466 0 2 2 3 1 1 3 0 
0.13095738454560127 3 0 3 3 0 0 0 0 
0.09368490275669497 3 3 3 3 0 0 0 0 
0.041611907907888844 3 0 0 0 2 2 0 0 
0.041611907907888844 3 0 0 3 1 1 3 0 
-0.0198696275605799 1 3 0 3 1 1 1 3 
-0.0198696275605799 1 3 0 0 2 1 2 0 
0.0198696275605799 1 0 0 3 1 1 1 3 
0.0198696275605799 1 0 0 0 2 1 2 0 
-0.015961155441576877 3 2 2 0 0 0 0 0 
-0.015961155441576877 0 1 1 3 0 0 0 0 
0.023907160243420156 3 2 2 3 0 0 0 0 
0.023907160243420156 0 1 1 0 0 0 0 0 
-0.005591850052488085 3 1 3 0 2 1 2 0 
-0.005591850052488085 3 1 3 3 1 1 1 3 
0.005591850052488085 0 1 0 0 2 1 2 0 
0.005591850052488085 0 1 0 3 1 1 1 3 
0.0342610794129385 1 1 1 0 1 1 1 3 
0.0342610794129385 1 1 1 3 2 1 2 0 
0.0342610794129385 2 1 2 3 1 1 1 3 
0.0342610794129385 2 1 2 0 2 1 2 0 
-0.02016748720380559 1 0 0 3 1 3 0 0 
0.02016748720380559 1 0 0 0 1 0 0 0 
0.02016748720380559 1 3 0 3 1 3 0 0 
-0.02016748720380559 1 3 0 0 1 0 0 0 
-0.017318726572294618 2 2 3 0 0 0 0 0 
-0.017318726572294618 1 1 0 0 0 0 0 0 
0.04161190790788884 1 1 3 3 3 0 0 0 
0.04161190790788884 2 2 0 3 3 0 0 0 
0.08647780044339264 3 0 3 0 0 0 0 0 
-0.03583078300215678 3 0 0 0 3 1 1 3 
-0.03583078300215678 3 0 0 0 0 2 2 0 
0.09652650762551396 3 3 0 0 3 3 0 0 
-0.013785633495284501 3 1 1 3 3 3 0 0 
-0.013785633495284501 0 2 2 0 3 3 0 0 
0.1328282413043635 3 0 0 0 0 3 3 0 
0.0198696275605799 1 1 1 3 1 0 0 0 
-0.0198696275605799 1 1 1 0 1 3 0 0 
0.0198696275605799 2 1 2 0 1 0 0 0 
-0.0198696275605799 2 1 2 3 1 3 0 0 
-0.01838610620502466 1 1 3 0 3 1 1 3 
-0.01838610620502466 1 1 3 0 0 2 2 0 
-0.01838610620502466 2 2 0 0 3 1 1 3 
-0.01838610620502466 2 2 0 0 0 2 2 0 
-0.004710680170687968 1 0 0 0 0 1 0 0 
0.004710680170687968 1 0 0 0 3 1 3 0 
0.004710680170687968 1 3 0 0 0 1 0 0 
-0.004710680170687968 1 3 0 0 3 1 3 0 
0.027263069036128847 1 1 3 0 2 2 0 0 
0.027263069036128847 1 1 3 3 1 1 3 0 
0.027263069036128847 2 2 0 0 2 2 0 0 
0.027263069036128847 2 2 0 3 1 1 3 0 
-0.008949858543082407 3 1 3 0 0 1 0 0 
0.008949858543082407 3 1 3 0 3 1 3 0 
0.008949858543082407 0 1 0 0 0 1 0 0 
-0.008949858543082407 0 1 0 0 3 1 3 0 
-0.021003955092205172 1 3 0 0 0 3 1 3 
0.021003955092205172 1 3 0 0 0 0 1 0 
0.021003955092205172 1 0 0 0 0 3 1 3 
-0.021003955092205172 1 0 0 0 0 0 1 0 
-0.013785633495284501 3 3 0 0 0 2 2 0 
-0.013785633495284501 3 3 0 0 3 1 1 3 
0.10556517226823464 3 3 3 0 0 0 0 0 
0.030819246688616207 1 1 1 3 0 3 1 3 
-0.030819246688616207 1 1 1 3 0 0 1 0 
0.030819246688616207 2 1 2 0 0 3 1 3 
-0.030819246688616207 2 1 2 0 0 0 1 0 
0.016976725669297192 3 1 1 3 0 2 2 0 
0.016976725669297192 3 1 1 3 3 1 1 3 
0.016976725669297192 0 2 2 0 0 2 2 0 
0.016976725669297192 0 2 2 0 3 1 1 3 
0.16521846395853979 3 0 0 0 0 0 3 3 
0.050238442633643486 1 1 3 0 0 0 3 3 
0.050238442633643486 2 2 0 0 0 0 3 3 
0.1084835363944962 3 0 0 0 3 3 0 0 
0.012608046401606652 1 1 3 0 3 3 0 0 
0.012608046401606652 2 2 0 0 3 3 0 0 
-0.005591850052488086 1 1 1 3 3 1 3 0 
0.005591850052488086 1 1 1 3 0 1 0 0 
-0.005591850052488086 2 1 2 0 3 1 3 0 
0.005591850052488086 2 1 2 0 0 1 0 0 
0.01941919594502728 1 1 0 3 0 0 0 0 
0.01941919594502728 2 2 3 3 0 0 0 0 
0.02996880154502259 1 1 3 0 0 3 3 0 
0.02996880154502259 2 2 0 0 0 3 3 0 
-0.03583078300215678 3 1 1 0 3 0 0 0 
-0.03583078300215678 0 2 2 3 3 0 0 0 
0.1619798167438987 3 0 0 3 3 0 0 0 
0.09542765898647504 3 3 0 0 0 3 3 0 
-0.02470589505418177 3 1 1 3 0 3 3 0 
-0.02470589505418177 0 2 2 0 0 3 3 0 
0.0007987348107616162 3 1 3 0 0 0 1 0 
-0.0007987348107616162 3 1 3 0 0 3 1 3 
-0.0007987348107616162 0 1 0 0 0 0 1 0 
0.0007987348107616162 0 1 0 0 0 3 1 3 
0.11066162842599216 3 3 0 0 0 0 3 3 
-0.041946477622790114 3 1 1 3 0 0 3 3 
-0.041946477622790114 0 2 2 0 0 0 3 3 
0.10585039887546002 0 3 0 3 0 0 0 0 
0.1328282413043635 0 3 3 3 3 0 0 0 
0.021003955092205172 0 3 1 3 1 0 0 0 
-0.021003955092205172 0 3 1 0 1 3 0 0 
-0.021003955092205172 0 0 1 0 1 0 0 0 
0.021003955092205172 0 0 1 3 1 3 0 0 
0.030819246688616207 0 3 1 3 2 1 2 0 
0.030819246688616207 0 3 1 0 1 1 1 3 
-0.030819246688616207 0 0 1 0 2 1 2 0 
-0.030819246688616207 0 0 1 3 1 1 1 3 
0.02996880154502259 0 3 3 0 2 2 0 0 
0.02996880154502259 0 3 3 3 1 1 3 0 
0.09542765898647504 0 3 3 0 3 3 0 0 
0.0007987348107616162 0 3 1 3 0 1 0 0 
-0.0007987348107616162 0 3 1 3 3 1 3 0 
-0.0007987348107616162 0 0 1 0 0 1 0 0 
0.0007987348107616162 0 0 1 0 3 1 3 0 
-0.02470589505418177 0 3 3 0 0 2 2 0 
-0.02470589505418177 0 3 3 0 3 1 1 3 
0.1159589087829886 0 3 3 0 0 3 3 0 
-0.03211770000941987 0 3 1 3 0 0 1 0 
0.03211770000941987 0 3 1 3 0 3 1 3 
0.03211770000941987 0 0 1 0 0 0 1 0 
-0.03211770000941987 0 0 1 0 0 3 1 3 
0.1379680988848799 0 3 3 0 0 0 3 3 
0.16521846395853979 0 0 3 0 3 0 0 0 
0.050238442633643486 0 0 3 3 2 2 0 0 
0.050238442633643486 0 0 3 0 1 1 3 0 
0.11066162842599216 0 0 3 3 3 3 0 0 
-0.04194647762279012 0 0 3 3 0 2 2 0 
-0.04194647762279012 0 0 3 3 3 1 1 3 
0.1379680988848799 0 0 3 3 0 3 3 0 
0.18449350486670163 0 0 3 3 0 0 3 3 
0.10556517226823464 0 0 0 3 3 3 3 0 
-0.015961155441576884 0 0 0 3 3 2 2 0 
-0.015961155441576884 0 0 0 3 0 1 1 3 
0.08831604919069061 0 0 0 3 0 3 0 0 
0.13095738454560127 0 0 0 3 3 0 3 3 
-0.017318726572294618 0 0 0 3 2 2 3 0 
-0.017318726572294618 0 0 0 0 1 1 0 0 
-0.015412105039717088 0 0 0 3 1 0 1 3 
0.002617848887180506 0 0 0 3 1 3 1 0 
-0.012794256152536574 0 0 0 3 2 0 2 3 
-0.012794256152536574 0 0 0 0 2 0 2 0 
0.002617848887180506 0 0 0 0 1 3 1 3 
-0.015412105039717088 0 0 0 0 1 0 1 0 
0.01941919594502728 0 0 0 3 1 1 0 3 
0.01941919594502728 0 0 0 0 2 2 3 3 
0.08647780044339264 0 0 0 0 3 0 3 0 
0.09368490275669497 0 0 0 0 3 3 3 3 
0.023907160243420156 0 0 0 0 3 2 2 3 
0.023907160243420156 0 0 0 0 0 1 1 0 
0.10585039887546002 0 0 0 0 0 3 0 3 
