-55.24293279909604 0 0 0 0 0 0 0 0 0 0 0 0 0 0 
12.409408165081757 3 0 0 0 0 0 0 0 0 0 0 0 0 0 
0.12524627202586183 1 0 0 0 0 0 0 0 0 0 0 0 0 0 
-0.12524627202586183 1 3 0 0 0 0 0 0 0 0 0 0 0 0 
1.6423291092771302 3 3 0 0 0 0 0 0 0 0 0 0 0 0 
-0.06573885510462095 1 1 0 2 0 2 0 0 0 0 0 0 0 0 
0.06573885510462095 2 1 0 2 3 1 0 0 0 0 0 0 0 0 
-0.04289525923591234 1 1 0 3 0 0 0 0 0 0 0 0 0 0 
-0.04289525923591234 2 2 3 0 0 0 0 0 0 0 0 0 0 0 
0.26651890719081256 3 1 0 2 0 2 0 0 0 0 0 0 0 0 
-0.26651890719081256 0 2 0 2 3 1 0 0 0 0 0 0 0 0 
1.1698296832039985 0 0 3 0 0 0 0 0 0 0 0 0 0 0 
-0.37064698789611106 0 3 1 2 0 3 2 0 0 0 0 0 0 0 
0.37064698789611106 0 3 2 2 0 3 1 0 0 0 0 0 0 0 
0.13243465392676143 3 1 0 3 0 0 0 0 0 0 0 0 0 0 
-0.13243465392676143 0 1 3 0 0 0 0 0 0 0 0 0 0 0 
1.274884422986164 0 3 3 3 0 0 0 0 0 0 0 0 0 0 
1.3619816902701738 0 0 0 0 3 0 0 0 0 0 0 0 0 0 
-0.25584857676712663 0 3 3 2 0 2 0 0 0 0 0 0 0 0 
-0.25584857676712663 0 0 0 1 3 1 0 0 0 0 0 0 0 0 
0.807135992222506 0 0 0 0 3 3 0 0 0 0 0 0 0 0 
12.409408165081759 0 0 0 3 0 3 3 3 0 0 0 0 0 0 
0.8157440317068062 0 0 0 0 0 0 3 0 0 0 0 0 0 0 
0.12524627202586186 0 0 0 3 0 3 3 2 2 1 0 1 0 0 
0.12524627202586186 0 0 0 0 0 0 0 1 1 1 0 1 0 0 
-0.06573885510462094 0 0 0 3 0 3 3 2 0 0 0 3 2 1 
-0.06573885510462094 0 0 0 0 0 0 0 1 0 0 0 3 1 1 
0.042895259235912336 0 0 0 3 0 3 3 2 0 3 2 1 0 0 
0.042895259235912336 0 0 0 0 0 0 0 1 0 3 1 1 0 0 
1.6423291092771302 0 0 0 0 0 0 0 0 3 0 0 0 0 0 
-0.13243465392676143 0 0 0 0 0 0 0 0 1 2 2 0 0 0 
0.13243465392676143 0 0 0 0 0 0 0 0 2 2 1 0 0 0 
0.26651890719081256 0 0 0 0 0 0 0 0 1 1 0 2 2 1 
-0.26651890719081256 0 0 0 0 0 0 0 0 2 1 0 2 1 1 
1.1698296832039983 0 0 0 0 0 0 0 0 3 3 0 0 0 0 
-0.370646987896111 0 0 0 0 0 0 0 0 3 1 0 2 0 2 
0.370646987896111 0 0 0 0 0 0 0 0 0 2 0 2 3 1 
1.2748844229861636 0 0 0 0 0 0 0 0 0 0 3 0 0 0 
-0.2558485767671268 0 0 0 0 0 0 0 0 0 3 1 2 2 1 
0.2558485767671268 0 0 0 0 0 0 0 0 0 3 2 2 1 1 
1.3619816902701722 0 0 0 0 0 0 0 0 0 3 3 3 0 0 
0.8071359922225068 0 0 0 0 0 0 0 0 0 0 0 0 3 0 
0.8157440317068063 0 0 0 0 0 0 0 0 0 0 0 0 3 3 
0.06383950947607185 0 1 0 2 0 2 0 0 0 0 0 0 0 0 
-0.06383950947607185 3 2 0 2 3 1 0 0 0 0 0 0 0 0 
0.0014497711944934217 2 2 0 3 0 0 0 0 0 0 0 0 0 0 
0.0014497711944934217 1 1 3 0 0 0 0 0 0 0 0 0 0 0 
0.004500175988924494 1 1 0 2 0 3 2 0 1 1 0 2 0 2 
-0.004500175988924494 1 1 0 2 0 3 2 0 2 1 0 2 3 1 
-0.004500175988924494 2 1 0 2 0 3 1 0 1 1 0 2 0 2 
0.004500175988924494 2 1 0 2 0 3 1 0 2 1 0 2 3 1 
-0.0035555799988741896 1 1 0 2 0 2 3 0 0 0 0 0 0 0 
0.0035555799988741896 2 1 0 2 3 1 3 0 0 0 0 0 0 0 
-0.006676459195034506 1 3 0 0 0 0 3 0 0 0 0 0 0 0 
0.006676459195034506 1 0 0 0 0 0 3 0 0 0 0 0 0 0 
-0.08724577119407204 3 3 1 2 0 3 2 0 0 0 0 0 0 0 
0.08724577119407204 3 3 2 2 0 3 1 0 0 0 0 0 0 0 
-0.06253320241026497 3 0 0 0 0 0 0 0 0 3 1 2 2 1 
0.06253320241026497 3 0 0 0 0 0 0 0 0 3 2 2 1 1 
-0.09093135540874339 3 0 0 0 0 0 0 0 3 1 0 2 0 2 
0.09093135540874339 3 0 0 0 0 0 0 0 0 2 0 2 3 1 
0.20523818994584214 3 0 0 0 0 0 3 0 0 0 0 0 0 0 
0.001931908701066306 2 3 2 2 0 3 2 0 0 0 0 0 0 0 
0.007309228012744206 1 0 1 2 0 3 2 0 0 0 0 0 0 0 
-0.005377319311677901 1 0 2 2 0 3 1 0 0 0 0 0 0 0 
-0.005377319311677901 1 3 1 2 0 3 2 0 0 0 0 0 0 0 
0.007309228012744206 1 3 2 2 0 3 1 0 0 0 0 0 0 0 
-0.001931908701066306 2 0 1 2 0 3 1 0 0 0 0 0 0 0 
0.001812228118701828 1 3 0 0 0 0 0 0 3 1 0 2 0 2 
-0.001812228118701828 1 3 0 0 0 0 0 0 0 2 0 2 3 1 
-0.001812228118701828 1 0 0 0 0 0 0 0 3 1 0 2 0 2 
0.001812228118701828 1 0 0 0 0 0 0 0 0 2 0 2 3 1 
-0.0008119699093030754 1 2 2 0 0 0 0 0 3 1 0 2 2 1 
0.0008119699093030754 1 2 2 0 0 0 0 0 0 2 0 2 1 1 
0.0008119699093030754 2 2 1 0 0 0 0 0 3 1 0 2 2 1 
-0.0008119699093030754 2 2 1 0 0 0 0 0 0 2 0 2 1 1 
0.0007913290014234886 1 3 0 0 0 0 0 0 0 3 1 2 2 1 
-0.0007913290014234886 1 3 0 0 0 0 0 0 0 3 2 2 1 1 
-0.0007913290014234886 1 0 0 0 0 0 0 0 0 3 1 2 2 1 
0.0007913290014234886 1 0 0 0 0 0 0 0 0 3 2 2 1 1 
-0.0001424495687733873 1 1 0 3 0 0 0 0 3 1 0 2 0 2 
0.0001424495687733873 1 1 0 3 0 0 0 0 0 2 0 2 3 1 
-0.0001424495687733873 2 2 3 0 0 0 0 0 3 1 0 2 0 2 
0.0001424495687733873 2 2 3 0 0 0 0 0 0 2 0 2 3 1 
0.00013988630524358205 1 1 0 3 0 0 0 0 0 3 1 2 2 1 
-0.00013988630524358205 1 1 0 3 0 0 0 0 0 3 2 2 1 1 
0.00013988630524358205 2 2 3 0 0 0 0 0 0 3 1 2 2 1 
-0.00013988630524358205 2 2 3 0 0 0 0 0 0 3 2 2 1 1 
0.0016423767487895955 1 1 0 2 0 2 0 0 3 1 0 2 0 2 
-0.0016423767487895955 1 1 0 2 0 2 0 0 0 2 0 2 3 1 
-0.0016423767487895955 2 1 0 2 3 1 0 0 3 1 0 2 0 2 
0.0016423767487895955 2 1 0 2 3 1 0 0 0 2 0 2 3 1 
-0.004125828892858343 1 1 0 3 0 0 3 0 0 0 0 0 0 0 
-0.004125828892858343 2 2 3 0 0 0 3 0 0 0 0 0 0 0 
-0.004932950400518287 1 1 0 2 3 2 0 0 0 0 0 0 0 0 
0.004932950400518287 2 1 0 2 0 1 0 0 0 0 0 0 0 0 
-0.00139759107891154 2 2 0 2 0 2 0 0 0 0 0 0 0 0 
-0.00139759107891154 1 2 0 2 3 1 0 0 0 0 0 0 0 0 
0.23759485324614701 0 3 0 0 0 0 0 0 0 0 0 0 0 0 
0.0005582426565659035 1 1 0 2 0 2 0 0 0 3 1 2 2 1 
-0.0005582426565659035 1 1 0 2 0 2 0 0 0 3 2 2 1 1 
-0.0005582426565659035 2 1 0 2 3 1 0 0 0 3 1 2 2 1 
0.0005582426565659035 2 1 0 2 3 1 0 0 0 3 2 2 1 1 
0.0023369391166468585 1 2 2 0 0 0 0 0 0 3 1 2 0 2 
-0.0023369391166468585 1 2 2 0 0 0 0 0 0 3 2 2 3 1 
-0.0023369391166468585 2 2 1 0 0 0 0 0 0 3 1 2 0 2 
0.0023369391166468585 2 2 1 0 0 0 0 0 0 3 2 2 3 1 
0.03049164099191146 0 1 0 3 0 0 0 0 0 0 0 0 0 0 
-0.03049164099191146 3 1 3 0 0 0 0 0 0 0 0 0 0 0 
-0.004612657082618176 1 1 0 3 3 0 0 0 0 0 0 0 0 0 
-0.004612657082618176 2 2 3 0 3 0 0 0 0 0 0 0 0 0 
-0.0010180211335599773 1 2 1 1 0 3 2 0 0 0 0 0 0 0 
-0.0011764684143134932 1 1 1 2 0 3 2 0 0 0 0 0 0 0 
0.002194489547873471 1 2 2 1 0 3 1 0 0 0 0 0 0 0 
-0.002194489547873471 2 1 2 2 0 3 2 0 0 0 0 0 0 0 
-0.0011764684143134932 2 2 1 1 0 3 1 0 0 0 0 0 0 0 
-0.0010180211335599773 2 1 1 2 0 3 1 0 0 0 0 0 0 0 
0.003069879294261745 1 1 0 2 0 3 2 0 0 3 1 2 0 2 
-0.003069879294261745 1 1 0 2 0 3 2 0 0 3 2 2 3 1 
-0.003069879294261745 2 1 0 2 0 3 1 0 0 3 1 2 0 2 
0.003069879294261745 2 1 0 2 0 3 1 0 0 3 2 2 3 1 
-0.0035213862043040234 1 1 0 2 2 1 0 0 0 3 3 2 2 1 
-0.0035213862043040234 1 1 0 2 2 1 0 0 0 0 0 1 1 1 
0.0035213862043040234 2 1 0 2 1 1 0 0 0 3 3 2 2 1 
0.0035213862043040234 2 1 0 2 1 1 0 0 0 0 0 1 1 1 
0.194948385010847 3 0 0 0 3 3 0 0 0 0 0 0 0 0 
0.00203741028130868 1 2 2 0 0 0 0 0 0 0 0 0 1 3 
-0.00203741028130868 1 2 2 0 0 0 0 0 0 0 0 0 1 0 
-0.00203741028130868 2 2 1 0 0 0 0 0 0 0 0 0 1 3 
0.00203741028130868 2 2 1 0 0 0 0 0 0 0 0 0 1 0 
1.1864445984174679 3 0 0 3 0 3 3 3 0 0 0 0 0 0 
-0.0018380553417279737 1 3 0 0 0 0 0 0 0 0 0 0 3 0 
0.0018380553417279737 1 0 0 0 0 0 0 0 0 0 0 0 3 0 
0.002249734505801102 1 3 0 0 0 0 0 0 1 2 2 0 0 0 
-0.002249734505801102 1 3 0 0 0 0 0 0 2 2 1 0 0 0 
-0.002249734505801102 1 0 0 0 0 0 0 0 1 2 2 0 0 0 
0.002249734505801102 1 0 0 0 0 0 0 0 2 2 1 0 0 0 
0.0025955176024190793 1 1 0 2 0 3 2 0 0 0 0 0 1 3 
-0.0025955176024190793 1 1 0 2 0 3 2 0 0 0 0 0 1 0 
-0.0025955176024190793 2 1 0 2 0 3 1 0 0 0 0 0 1 3 
0.0025955176024190793 2 1 0 2 0 3 1 0 0 0 0 0 1 0 
-0.10532551679660308 1 3 0 3 0 3 3 3 0 0 0 0 0 0 
0.10532551679660308 1 0 0 3 0 3 3 3 0 0 0 0 0 0 
-0.004895195077354653 1 1 0 3 0 0 0 0 0 0 0 0 3 0 
-0.004895195077354653 2 2 3 0 0 0 0 0 0 0 0 0 3 0 
-0.008108323915373278 1 1 0 2 0 2 0 1 1 1 0 1 0 0 
0.008108323915373278 1 1 0 1 0 1 3 2 2 1 0 1 0 0 
0.008108323915373278 2 1 0 2 3 1 0 1 1 1 0 1 0 0 
0.008108323915373278 2 1 0 1 3 2 3 2 2 1 0 1 0 0 
-0.062244849409181145 3 0 0 1 3 1 0 0 0 0 0 0 0 0 
-0.062244849409181145 3 3 3 2 0 2 0 0 0 0 0 0 0 0 
0.21013054508339624 3 0 0 0 0 0 0 0 0 0 0 0 3 3 
-0.0054534377339205565 1 1 0 3 3 3 0 0 0 0 0 0 0 0 
-0.0054534377339205565 2 2 3 0 3 3 0 0 0 0 0 0 0 0 
-0.0005748993383736469 2 0 0 1 0 2 0 0 0 0 0 0 0 0 
0.006058295738790204 1 0 3 2 0 2 0 0 0 0 0 0 0 0 
0.005483396400416557 1 3 0 1 3 1 0 0 0 0 0 0 0 0 
-0.005483396400416557 1 3 3 2 0 2 0 0 0 0 0 0 0 0 
-0.006058295738790204 1 0 0 1 3 1 0 0 0 0 0 0 0 0 
-0.0005748993383736469 2 0 3 2 3 1 0 0 0 0 0 0 0 0 
-0.04577707675860214 1 1 0 0 0 3 3 3 0 0 0 0 0 0 
-0.04577707675860214 2 2 3 3 0 3 3 3 0 0 0 0 0 0 
0.0025813768326502515 1 2 1 0 0 1 2 0 0 0 0 0 0 0 
-0.0036797870300982758 1 2 2 0 0 1 1 0 0 0 0 0 0 0 
-0.0010984101974480245 1 2 2 0 3 2 2 0 0 0 0 0 0 0 
0.0010984101974480245 2 2 1 0 0 1 1 0 0 0 0 0 0 0 
0.0036797870300982758 2 2 1 0 3 2 2 0 0 0 0 0 0 0 
-0.0025813768326502515 2 2 2 0 3 2 1 0 0 0 0 0 0 0 
-0.005545577029252307 1 3 3 0 0 0 0 0 0 0 0 0 0 0 
0.005545577029252307 1 0 3 0 0 0 0 0 0 0 0 0 0 0 
0.19433298074878583 3 0 3 0 0 0 0 0 0 0 0 0 0 0 
-0.0010559495985965977 1 1 0 3 0 0 0 0 0 0 0 0 3 3 
-0.0010559495985965977 2 2 3 0 0 0 0 0 0 0 0 0 3 3 
0.0532840295449191 1 1 0 1 0 1 3 3 0 0 0 0 0 0 
0.0532840295449191 2 1 0 1 3 2 3 3 0 0 0 0 0 0 
0.002337107405892897 1 1 0 2 0 2 0 0 0 0 0 0 3 0 
-0.002337107405892897 2 1 0 2 3 1 0 0 0 0 0 0 3 0 
-0.00096006239645511 1 1 0 2 0 2 0 0 0 0 0 0 3 3 
0.00096006239645511 2 1 0 2 3 1 0 0 0 0 0 0 3 3 
-0.0009390000838606557 1 1 0 2 0 3 2 0 3 1 0 2 2 1 
0.0009390000838606557 1 1 0 2 0 3 2 0 0 2 0 2 1 1 
0.0009390000838606557 2 1 0 2 0 3 1 0 3 1 0 2 2 1 
-0.0009390000838606557 2 1 0 2 0 3 1 0 0 2 0 2 1 1 
0.10532551679660308 3 0 0 0 0 0 0 1 1 1 0 1 0 0 
0.10532551679660308 3 0 0 3 0 3 3 2 2 1 0 1 0 0 
-0.006543461080258136 1 1 0 0 0 3 3 2 0 3 2 1 0 0 
-0.006543461080258136 1 1 0 3 0 0 0 1 0 3 1 1 0 0 
-0.006543461080258136 2 2 3 3 0 3 3 2 0 3 2 1 0 0 
-0.006543461080258136 2 2 3 0 0 0 0 1 0 3 1 1 0 0 
-0.004236062130614162 1 3 0 0 3 3 0 0 0 0 0 0 0 0 
0.004236062130614162 1 0 0 0 3 3 0 0 0 0 0 0 0 0 
-0.014828675019869127 1 3 0 0 0 0 0 1 1 1 0 1 0 0 
-0.014828675019869127 1 3 0 3 0 3 3 2 2 1 0 1 0 0 
0.014828675019869127 1 0 0 0 0 0 0 1 1 1 0 1 0 0 
0.014828675019869127 1 0 0 3 0 3 3 2 2 1 0 1 0 0 
-0.004640378227651546 1 2 3 1 0 2 0 0 0 0 0 0 0 0 
0.004640378227651546 2 2 3 1 3 1 0 0 0 0 0 0 0 0 
-0.005805729047595897 1 3 0 0 0 0 0 1 0 3 1 1 0 0 
-0.005805729047595897 1 3 0 3 0 3 3 2 0 3 2 1 0 0 
0.005805729047595897 1 0 0 0 0 0 0 1 0 3 1 1 0 0 
0.005805729047595897 1 0 0 3 0 3 3 2 0 3 2 1 0 0 
-0.0024270287714488427 1 1 3 3 0 0 0 0 0 0 0 0 0 0 
-0.0024270287714488427 2 2 0 0 0 0 0 0 0 0 0 0 0 0 
-0.005805729047595898 1 1 0 3 0 0 0 1 1 1 0 1 0 0 
-0.005805729047595898 1 1 0 0 0 3 3 2 2 1 0 1 0 0 
-0.005805729047595898 2 2 3 0 0 0 0 1 1 1 0 1 0 0 
-0.005805729047595898 2 2 3 3 0 3 3 2 2 1 0 1 0 0 
-0.0006227829468619813 1 1 3 2 0 2 0 0 0 0 0 0 0 0 
0.0006227829468619813 2 1 3 2 3 1 0 0 0 0 0 0 0 0 
0.003685584214671345 1 1 0 2 0 3 2 1 3 1 0 1 0 0 
-0.003685584214671345 1 1 0 1 0 0 1 2 0 2 0 1 0 0 
-0.003685584214671345 2 1 0 2 0 3 1 1 3 1 0 1 0 0 
-0.003685584214671345 2 1 0 1 0 0 2 2 0 2 0 1 0 0 
0.002782108073974308 1 2 2 0 0 0 0 1 3 1 0 1 0 0 
0.002782108073974308 1 2 2 3 0 3 3 2 0 2 0 1 0 0 
-0.002782108073974308 2 2 1 0 0 0 0 1 3 1 0 1 0 0 
-0.002782108073974308 2 2 1 3 0 3 3 2 0 2 0 1 0 0 
-0.007476275440355038 1 0 3 3 0 0 0 0 0 0 0 0 0 0 
0.007476275440355038 1 3 3 3 0 0 0 0 0 0 0 0 0 0 
0.04577707675860214 3 0 0 0 0 0 0 1 0 3 1 1 0 0 
0.04577707675860214 3 0 0 3 0 3 3 2 0 3 2 1 0 0 
0.0036855842146713445 1 2 2 3 0 3 3 2 0 0 0 3 0 2 
0.0036855842146713445 1 2 2 0 0 0 0 1 0 0 0 3 3 1 
-0.0036855842146713445 2 2 1 3 0 3 3 2 0 0 0 3 0 2 
-0.0036855842146713445 2 2 1 0 0 0 0 1 0 0 0 3 3 1 
-0.03629737003950736 3 0 0 0 0 0 0 0 1 2 2 0 0 0 
0.03629737003950736 3 0 0 0 0 0 0 0 2 2 1 0 0 0 
-0.0048923551375541045 1 1 0 1 0 0 1 2 0 0 0 3 0 2 
0.0048923551375541045 1 1 0 2 0 3 2 1 0 0 0 3 3 1 
-0.0048923551375541045 2 1 0 1 0 0 2 2 0 0 0 3 0 2 
-0.0048923551375541045 2 1 0 2 0 3 1 1 0 0 0 3 3 1 
0.003565091192976072 1 2 2 0 0 0 0 0 1 1 0 2 0 2 
-0.003565091192976072 1 2 2 0 0 0 0 0 2 1 0 2 3 1 
-0.003565091192976072 2 2 1 0 0 0 0 0 1 1 0 2 0 2 
0.003565091192976072 2 2 1 0 0 0 0 0 2 1 0 2 3 1 
-0.011149717876027539 1 3 0 0 3 0 0 0 0 0 0 0 0 0 
0.011149717876027539 1 0 0 0 3 0 0 0 0 0 0 0 0 0 
0.006499873179150311 1 1 0 1 2 2 3 2 0 0 0 2 0 0 
0.006499873179150311 1 1 0 2 2 1 0 1 0 3 3 1 0 0 
-0.006499873179150311 2 1 0 1 1 2 3 2 0 0 0 2 0 0 
-0.006499873179150311 2 1 0 2 1 1 0 1 0 3 3 1 0 0 
-0.005266966737366714 1 1 0 2 0 2 0 0 2 2 1 0 0 0 
0.005266966737366714 1 1 0 2 0 2 0 0 1 2 2 0 0 0 
0.005266966737366714 2 1 0 2 3 1 0 0 2 2 1 0 0 0 
-0.005266966737366714 2 1 0 2 3 1 0 0 1 2 2 0 0 0 
-0.008183218139794774 1 1 0 2 2 1 0 0 1 1 0 3 0 0 
-0.008183218139794774 1 1 0 2 2 1 0 0 2 2 3 0 0 0 
0.008183218139794774 2 1 0 2 1 1 0 0 1 1 0 3 0 0 
0.008183218139794774 2 1 0 2 1 1 0 0 2 2 3 0 0 0 
-0.0033269259214215897 1 1 0 2 2 1 0 0 0 3 1 3 0 0 
0.0033269259214215897 1 1 0 2 2 1 0 0 0 0 1 0 0 0 
0.0033269259214215897 2 1 0 2 1 1 0 0 0 3 1 3 0 0 
-0.0033269259214215897 2 1 0 2 1 1 0 0 0 0 1 0 0 0 
0.0002883530010838331 1 1 0 2 0 2 0 1 0 3 1 1 0 0 
-0.0002883530010838331 1 1 0 1 0 1 3 2 0 3 2 1 0 0 
-0.0002883530010838331 2 1 0 2 3 1 0 1 0 3 1 1 0 0 
-0.0002883530010838331 2 1 0 1 3 2 3 2 0 3 2 1 0 0 
-0.07194783339144513 3 0 0 0 0 0 0 0 2 1 0 2 1 1 
0.07194783339144513 3 0 0 0 0 0 0 0 1 1 0 2 2 1 
0.2021984677536005 3 0 0 0 0 0 0 0 0 0 0 0 3 0 
0.2788371164224306 3 0 0 0 0 0 0 0 0 3 3 3 0 0 
0.001509561945235573 1 3 0 0 0 0 0 0 2 1 0 2 1 1 
-0.001509561945235573 1 3 0 0 0 0 0 0 1 1 0 2 2 1 
-0.001509561945235573 1 0 0 0 0 0 0 0 2 1 0 2 1 1 
0.001509561945235573 1 0 0 0 0 0 0 0 1 1 0 2 2 1 
-0.002966499736232765 1 3 0 0 0 0 0 0 0 3 3 3 0 0 
0.002966499736232765 1 0 0 0 0 0 0 0 0 3 3 3 0 0 
0.004692067398993069 1 1 0 3 0 0 0 0 2 1 0 2 1 1 
-0.004692067398993069 1 1 0 3 0 0 0 0 1 1 0 2 2 1 
0.004692067398993069 2 2 3 0 0 0 0 0 2 1 0 2 1 1 
-0.004692067398993069 2 2 3 0 0 0 0 0 1 1 0 2 2 1 
-0.004380111585723956 1 1 0 3 0 0 0 0 1 2 2 0 0 0 
0.004380111585723956 1 1 0 3 0 0 0 0 2 2 1 0 0 0 
-0.004380111585723956 2 2 3 0 0 0 0 0 1 2 2 0 0 0 
0.004380111585723956 2 2 3 0 0 0 0 0 2 2 1 0 0 0 
-0.053284029544919106 3 0 0 0 0 0 0 1 0 0 0 3 1 1 
-0.053284029544919106 3 0 0 3 0 3 3 2 0 0 0 3 2 1 
-0.001285731161196586 1 1 0 3 0 0 0 0 0 3 3 3 0 0 
-0.001285731161196586 2 2 3 0 0 0 0 0 0 3 3 3 0 0 
-0.002398006788886189 1 1 0 2 0 2 0 0 2 1 0 2 1 1 
0.002398006788886189 1 1 0 2 0 2 0 0 1 1 0 2 2 1 
0.002398006788886189 2 1 0 2 3 1 0 0 2 1 0 2 1 1 
-0.002398006788886189 2 1 0 2 3 1 0 0 1 1 0 2 2 1 
0.008108323915373276 1 3 0 0 0 0 0 1 0 0 0 3 1 1 
0.008108323915373276 1 3 0 3 0 3 3 2 0 0 0 3 2 1 
-0.008108323915373276 1 0 0 0 0 0 0 1 0 0 0 3 1 1 
-0.008108323915373276 1 0 0 3 0 3 3 2 0 0 0 3 2 1 
-0.0014115641962142635 1 1 0 2 0 2 0 0 0 3 3 3 0 0 
0.0014115641962142635 2 1 0 2 3 1 0 0 0 3 3 3 0 0 
0.23303238946332383 3 3 3 3 0 0 0 0 0 0 0 0 0 0 
-0.0002883530010838331 1 1 0 3 0 0 0 1 0 0 0 3 1 1 
-0.0002883530010838331 1 1 0 0 0 3 3 2 0 0 0 3 2 1 
-0.0002883530010838331 2 2 3 0 0 0 0 1 0 0 0 3 1 1 
-0.0002883530010838331 2 2 3 3 0 3 3 2 0 0 0 3 2 1 
0.007250082742753519 1 1 0 2 0 2 0 1 0 0 0 3 1 1 
-0.007250082742753519 1 1 0 1 0 1 3 2 0 0 0 3 2 1 
-0.007250082742753519 2 1 0 2 3 1 0 1 0 0 0 3 1 1 
-0.007250082742753519 2 1 0 1 3 2 3 2 0 0 0 3 2 1 
0.27233724324328024 3 0 0 0 3 0 0 0 0 0 0 0 0 0 
-0.0043937221286440365 1 2 2 0 0 0 0 0 1 3 0 0 0 0 
0.0043937221286440365 1 2 2 0 0 0 0 0 1 0 0 0 0 0 
0.0043937221286440365 2 2 1 0 0 0 0 0 1 3 0 0 0 0 
-0.0043937221286440365 2 2 1 0 0 0 0 0 1 0 0 0 0 0 
0.0008542701478880196 1 2 2 0 0 0 0 0 3 2 2 0 0 0 
0.0008542701478880196 1 2 2 0 0 0 0 0 0 1 1 0 0 0 
-0.0008542701478880196 2 2 1 0 0 0 0 0 3 2 2 0 0 0 
-0.0008542701478880196 2 2 1 0 0 0 0 0 0 1 1 0 0 0 
-0.005496999894042377 1 1 0 2 0 3 2 0 1 3 0 0 0 0 
0.005496999894042377 1 1 0 2 0 3 2 0 1 0 0 0 0 0 
0.005496999894042377 2 1 0 2 0 3 1 0 1 3 0 0 0 0 
-0.005496999894042377 2 1 0 2 0 3 1 0 1 0 0 0 0 0 
0.19711508882276013 3 0 0 0 0 0 0 0 3 3 0 0 0 0 
0.001160470702333365 1 1 0 2 0 3 2 0 3 2 2 0 0 0 
0.001160470702333365 1 1 0 2 0 3 2 0 0 1 1 0 0 0 
-0.001160470702333365 2 1 0 2 0 3 1 0 3 2 2 0 0 0 
-0.001160470702333365 2 1 0 2 0 3 1 0 0 1 1 0 0 0 
-0.0011518549006082695 1 3 0 0 0 0 0 0 3 3 0 0 0 0 
0.0011518549006082695 1 0 0 0 0 0 0 0 3 3 0 0 0 0 
0.239575850543582 3 0 0 0 0 0 0 0 0 0 3 0 0 0 
-0.001572758623560823 1 1 0 3 0 0 0 0 3 3 0 0 0 0 
-0.001572758623560823 2 2 3 0 0 0 0 0 3 3 0 0 0 0 
-0.0030961638546310815 1 3 0 0 0 0 0 0 0 0 3 0 0 0 
0.0030961638546310815 1 0 0 0 0 0 0 0 0 0 3 0 0 0 
0.2524235282660161 3 0 0 0 0 0 0 0 3 0 0 0 0 0 
0.00018918696244109399 1 1 0 2 0 2 0 0 3 3 0 0 0 0 
-0.00018918696244109399 2 1 0 2 3 1 0 0 3 3 0 0 0 0 
0.0023988587627539796 1 1 0 3 0 0 0 0 0 0 3 0 0 0 
0.0023988587627539796 2 2 3 0 0 0 0 0 0 0 3 0 0 0 
-0.003461526217496346 1 3 0 0 0 0 0 0 3 0 0 0 0 0 
0.003461526217496346 1 0 0 0 0 0 0 0 3 0 0 0 0 0 
-0.004500491922407963 1 1 0 2 0 2 0 0 0 0 3 0 0 0 
0.004500491922407963 2 1 0 2 3 1 0 0 0 0 3 0 0 0 
-0.0036995057002945243 1 1 0 3 0 0 0 0 3 0 0 0 0 0 
-0.0036995057002945243 2 2 3 0 0 0 0 0 3 0 0 0 0 0 
-0.00011197086632403333 1 1 0 2 0 2 0 0 3 0 0 0 0 0 
0.00011197086632403333 2 1 0 2 3 1 0 0 3 0 0 0 0 0 
-0.002176283206110012 1 3 0 0 0 0 0 0 0 0 0 0 3 3 
0.002176283206110012 1 0 0 0 0 0 0 0 0 0 0 0 3 3 
0.12428989438929942 3 3 3 0 0 0 0 0 0 0 0 0 0 0 
-0.025146740890232305 3 0 1 2 0 3 2 0 0 0 0 0 0 0 
0.025146740890232305 3 0 2 2 0 3 1 0 0 0 0 0 0 0 
0.13423647764885327 3 0 3 3 0 0 0 0 0 0 0 0 0 0 
0.1507154438653189 3 3 0 0 3 0 0 0 0 0 0 0 0 0 
-0.021252749988596158 3 0 3 2 0 2 0 0 0 0 0 0 0 0 
-0.021252749988596158 3 3 0 1 3 1 0 0 0 0 0 0 0 0 
0.1281150634608992 3 3 0 0 3 3 0 0 0 0 0 0 0 0 
0.13733186102593725 3 3 0 0 0 0 3 0 0 0 0 0 0 0 
0.004448952048888788 3 1 3 3 0 0 0 0 0 0 0 0 0 0 
-0.004448952048888788 0 1 0 0 0 0 0 0 0 0 0 0 0 0 
0.0270639369753713 3 1 3 2 0 2 0 0 0 0 0 0 0 0 
-0.0270639369753713 0 2 3 2 3 1 0 0 0 0 0 0 0 0 
-0.010662053018877784 3 1 1 2 0 3 2 0 0 0 0 0 0 0 
-0.0011138215781201417 3 2 2 1 0 3 1 0 0 0 0 0 0 0 
0.011775874596997927 3 2 1 1 0 3 2 0 0 0 0 0 0 0 
0.011775874596997927 0 2 1 2 0 3 1 0 0 0 0 0 0 0 
0.0011138215781201417 0 2 2 2 0 3 2 0 0 0 0 0 0 0 
0.010662053018877784 0 1 1 1 0 3 1 0 0 0 0 0 0 0 
-0.014047613743255308 3 2 2 0 3 2 2 0 0 0 0 0 0 0 
-0.004462546928996718 3 2 2 0 0 1 1 0 0 0 0 0 0 0 
-0.009585066814258594 3 2 1 0 0 1 2 0 0 0 0 0 0 0 
-0.009585066814258594 0 1 2 0 3 2 1 0 0 0 0 0 0 0 
-0.004462546928996718 0 1 1 0 3 2 2 0 0 0 0 0 0 0 
-0.014047613743255308 0 1 1 0 0 1 1 0 0 0 0 0 0 0 
0.00760712637662448 3 1 0 3 3 0 0 0 0 0 0 0 0 0 
-0.00760712637662448 0 1 3 0 3 0 0 0 0 0 0 0 0 0 
0.029954891628938995 3 2 3 1 0 2 0 0 0 0 0 0 0 0 
0.029954891628938995 0 1 3 1 3 1 0 0 0 0 0 0 0 0 
0.0019439174000471888 3 1 0 3 3 3 0 0 0 0 0 0 0 0 
-0.0019439174000471888 0 1 3 0 3 3 0 0 0 0 0 0 0 0 
-0.0006461782017490561 3 1 0 3 0 0 3 0 0 0 0 0 0 0 
0.0006461782017490561 0 1 3 0 0 0 3 0 0 0 0 0 0 0 
0.023992638482474897 3 1 0 2 3 2 0 0 0 0 0 0 0 0 
-0.023992638482474897 0 2 0 2 0 1 0 0 0 0 0 0 0 0 
0.018362670279862162 3 1 0 2 0 2 3 0 0 0 0 0 0 0 
-0.018362670279862162 0 2 0 2 3 1 3 0 0 0 0 0 0 0 
0.2524235282660161 3 3 0 3 0 3 3 3 0 0 0 0 0 0 
-0.07194783339144513 3 1 0 1 0 1 3 3 0 0 0 0 0 0 
-0.07194783339144513 0 2 0 1 3 2 3 3 0 0 0 0 0 0 
0.03629737003950736 3 1 0 0 0 3 3 3 0 0 0 0 0 0 
-0.03629737003950736 0 1 3 3 0 3 3 3 0 0 0 0 0 0 
0.003461526217496346 3 3 0 0 0 0 0 1 1 1 0 1 0 0 
0.003461526217496346 3 3 0 3 0 3 3 2 2 1 0 1 0 0 
0.001509561945235573 3 1 0 2 0 2 0 1 1 1 0 1 0 0 
-0.001509561945235573 3 1 0 1 0 1 3 2 2 1 0 1 0 0 
-0.001509561945235573 0 2 0 2 3 1 0 1 1 1 0 1 0 0 
-0.001509561945235573 0 2 0 1 3 2 3 2 2 1 0 1 0 0 
0.0043937221286440365 3 2 2 0 0 0 0 1 3 1 0 1 0 0 
0.0043937221286440365 3 2 2 3 0 3 3 2 0 2 0 1 0 0 
0.0043937221286440365 0 1 1 0 0 0 0 1 3 1 0 1 0 0 
0.0043937221286440365 0 1 1 3 0 3 3 2 0 2 0 1 0 0 
0.0022497345058011026 3 1 0 3 0 0 0 1 1 1 0 1 0 0 
0.0022497345058011026 3 1 0 0 0 3 3 2 2 1 0 1 0 0 
-0.0022497345058011026 0 1 3 0 0 0 0 1 1 1 0 1 0 0 
-0.0022497345058011026 0 1 3 3 0 3 3 2 2 1 0 1 0 0 
0.0035650911929760716 3 1 0 2 0 3 2 1 3 1 0 1 0 0 
-0.0035650911929760716 3 1 0 1 0 0 1 2 0 2 0 1 0 0 
-0.0035650911929760716 0 2 0 2 0 3 1 1 3 1 0 1 0 0 
-0.0035650911929760716 0 2 0 1 0 0 2 2 0 2 0 1 0 0 
0.0036995057002945243 3 3 0 0 0 0 0 1 0 3 1 1 0 0 
0.0036995057002945243 3 3 0 3 0 3 3 2 0 3 2 1 0 0 
0.004692067398993068 3 1 0 2 0 2 0 1 0 3 1 1 0 0 
-0.004692067398993068 3 1 0 1 0 1 3 2 0 3 2 1 0 0 
-0.004692067398993068 0 2 0 2 3 1 0 1 0 3 1 1 0 0 
-0.004692067398993068 0 2 0 1 3 2 3 2 0 3 2 1 0 0 
-0.004380111585723956 3 1 0 3 0 0 0 1 0 3 1 1 0 0 
-0.004380111585723956 3 1 0 0 0 3 3 2 0 3 2 1 0 0 
0.004380111585723956 0 1 3 0 0 0 0 1 0 3 1 1 0 0 
0.004380111585723956 0 1 3 3 0 3 3 2 0 3 2 1 0 0 
0.008183218139794774 3 1 0 2 2 1 0 1 0 3 3 1 0 0 
0.008183218139794774 3 1 0 1 2 2 3 2 0 0 0 2 0 0 
-0.008183218139794774 0 2 0 2 1 1 0 1 0 3 3 1 0 0 
-0.008183218139794774 0 2 0 1 1 2 3 2 0 0 0 2 0 0 
-0.005266966737366716 3 1 0 3 0 0 0 1 0 0 0 3 1 1 
-0.005266966737366716 3 1 0 0 0 3 3 2 0 0 0 3 2 1 
0.005266966737366716 0 1 3 0 0 0 0 1 0 0 0 3 1 1 
0.005266966737366716 0 1 3 3 0 3 3 2 0 0 0 3 2 1 
-0.00011197086632403333 3 3 0 0 0 0 0 1 0 0 0 3 1 1 
-0.00011197086632403333 3 3 0 3 0 3 3 2 0 0 0 3 2 1 
0.0023980067888861884 3 1 0 2 0 2 0 1 0 0 0 3 1 1 
-0.0023980067888861884 3 1 0 1 0 1 3 2 0 0 0 3 2 1 
-0.0023980067888861884 0 2 0 2 3 1 0 1 0 0 0 3 1 1 
-0.0023980067888861884 0 2 0 1 3 2 3 2 0 0 0 3 2 1 
0.005496999894042377 3 2 2 0 0 0 0 1 0 0 0 3 3 1 
0.005496999894042377 3 2 2 3 0 3 3 2 0 0 0 3 0 2 
0.005496999894042377 0 1 1 0 0 0 0 1 0 0 0 3 3 1 
0.005496999894042377 0 1 1 3 0 3 3 2 0 0 0 3 0 2 
0.004500175988924494 3 1 0 2 0 3 2 1 0 0 0 3 3 1 
-0.004500175988924494 3 1 0 1 0 0 1 2 0 0 0 3 0 2 
-0.004500175988924494 0 2 0 2 0 3 1 1 0 0 0 3 3 1 
-0.004500175988924494 0 2 0 1 0 0 2 2 0 0 0 3 0 2 
0.18145419105372385 3 3 0 0 0 0 0 0 3 0 0 0 0 0 
0.03483330337943845 3 1 0 2 0 2 0 0 3 0 0 0 0 0 
-0.03483330337943845 0 2 0 2 3 1 0 0 3 0 0 0 0 0 
0.034349784153269204 3 2 2 0 0 0 0 0 1 0 0 0 0 0 
-0.034349784153269204 3 2 2 0 0 0 0 0 1 3 0 0 0 0 
0.034349784153269204 0 1 1 0 0 0 0 0 1 0 0 0 0 0 
-0.034349784153269204 0 1 1 0 0 0 0 0 1 3 0 0 0 0 
0.002347420367398605 3 1 0 3 0 0 0 0 3 0 0 0 0 0 
-0.002347420367398605 0 1 3 0 0 0 0 0 3 0 0 0 0 0 
0.011430125938534121 3 1 0 2 0 3 2 0 1 0 0 0 0 0 
-0.011430125938534121 3 1 0 2 0 3 2 0 1 3 0 0 0 0 
-0.011430125938534121 0 2 0 2 0 3 1 0 1 0 0 0 0 0 
0.011430125938534121 0 2 0 2 0 3 1 0 1 3 0 0 0 0 
0.03173351657279632 3 1 0 3 0 0 0 0 2 2 1 0 0 0 
-0.03173351657279632 3 1 0 3 0 0 0 0 1 2 2 0 0 0 
-0.03173351657279632 0 1 3 0 0 0 0 0 2 2 1 0 0 0 
0.03173351657279632 0 1 3 0 0 0 0 0 1 2 2 0 0 0 
-0.0061974255541647665 3 1 0 2 0 2 0 0 2 2 1 0 0 0 
0.0061974255541647665 3 1 0 2 0 2 0 0 1 2 2 0 0 0 
0.0061974255541647665 0 2 0 2 3 1 0 0 2 2 1 0 0 0 
-0.0061974255541647665 0 2 0 2 3 1 0 0 1 2 2 0 0 0 
0.002347420367398605 3 3 0 0 0 0 0 0 2 2 1 0 0 0 
-0.002347420367398605 3 3 0 0 0 0 0 0 1 2 2 0 0 0 
-0.03665922070392875 3 1 0 2 2 1 0 0 2 2 3 0 0 0 
-0.03665922070392875 3 1 0 2 2 1 0 0 1 1 0 3 0 0 
0.03665922070392875 0 2 0 2 1 1 0 0 2 2 3 0 0 0 
0.03665922070392875 0 2 0 2 1 1 0 0 1 1 0 3 0 0 
-0.03483330337943845 3 3 0 0 0 0 0 0 2 1 0 2 1 1 
0.03483330337943845 3 3 0 0 0 0 0 0 1 1 0 2 2 1 
-0.011430125938534121 3 2 2 0 0 0 0 0 2 1 0 2 3 1 
0.011430125938534121 3 2 2 0 0 0 0 0 1 1 0 2 0 2 
-0.011430125938534121 0 1 1 0 0 0 0 0 2 1 0 2 3 1 
0.011430125938534121 0 1 1 0 0 0 0 0 1 1 0 2 0 2 
-0.024963894987468135 3 1 0 2 0 2 0 0 2 1 0 2 1 1 
0.024963894987468135 3 1 0 2 0 2 0 0 1 1 0 2 2 1 
0.024963894987468135 0 2 0 2 3 1 0 0 2 1 0 2 1 1 
-0.024963894987468135 0 2 0 2 3 1 0 0 1 1 0 2 2 1 
-0.016011655939095468 3 1 0 2 0 3 2 0 2 1 0 2 3 1 
0.016011655939095468 3 1 0 2 0 3 2 0 1 1 0 2 0 2 
0.016011655939095468 0 2 0 2 0 3 1 0 2 1 0 2 3 1 
-0.016011655939095468 0 2 0 2 0 3 1 0 1 1 0 2 0 2 
0.0061974255541647665 3 1 0 3 0 0 0 0 2 1 0 2 1 1 
-0.0061974255541647665 3 1 0 3 0 0 0 0 1 1 0 2 2 1 
-0.0061974255541647665 0 1 3 0 0 0 0 0 2 1 0 2 1 1 
0.0061974255541647665 0 1 3 0 0 0 0 0 1 1 0 2 2 1 
-0.001175660689606531 3 1 0 3 0 0 0 0 3 3 0 0 0 0 
0.001175660689606531 0 1 3 0 0 0 0 0 3 3 0 0 0 0 
0.018715014795278758 3 1 0 2 0 2 0 0 3 3 0 0 0 0 
-0.018715014795278758 0 2 0 2 3 1 0 0 3 3 0 0 0 0 
0.1586396785425686 3 3 0 0 0 0 0 0 3 3 0 0 0 0 
-0.005624612738495319 3 2 2 0 0 0 0 0 0 1 1 0 0 0 
-0.005624612738495319 3 2 2 0 0 0 0 0 3 2 2 0 0 0 
-0.005624612738495319 0 1 1 0 0 0 0 0 0 1 1 0 0 0 
-0.005624612738495319 0 1 1 0 0 0 0 0 3 2 2 0 0 0 
-0.00834892218009254 3 2 2 0 0 0 0 0 0 2 0 2 1 1 
0.00834892218009254 3 2 2 0 0 0 0 0 3 1 0 2 2 1 
-0.00834892218009254 0 1 1 0 0 0 0 0 0 2 0 2 1 1 
0.00834892218009254 0 1 1 0 0 0 0 0 3 1 0 2 2 1 
0.008401922499457941 3 1 0 2 0 3 2 0 0 2 0 2 1 1 
-0.008401922499457941 3 1 0 2 0 3 2 0 3 1 0 2 2 1 
-0.008401922499457941 0 2 0 2 0 3 1 0 0 2 0 2 1 1 
0.008401922499457941 0 2 0 2 0 3 1 0 3 1 0 2 2 1 
0.00874811789736328 3 1 0 2 0 3 2 0 0 1 1 0 0 0 
0.00874811789736328 3 1 0 2 0 3 2 0 3 2 2 0 0 0 
-0.00874811789736328 0 2 0 2 0 3 1 0 0 1 1 0 0 0 
-0.00874811789736328 0 2 0 2 0 3 1 0 3 2 2 0 0 0 
0.02052399249436121 3 1 0 3 0 0 0 0 0 2 0 2 3 1 
-0.02052399249436121 3 1 0 3 0 0 0 0 3 1 0 2 0 2 
-0.02052399249436121 0 1 3 0 0 0 0 0 0 2 0 2 3 1 
0.02052399249436121 0 1 3 0 0 0 0 0 3 1 0 2 0 2 
0.03657686682876643 3 3 0 0 0 0 0 0 0 2 0 2 3 1 
-0.03657686682876643 3 3 0 0 0 0 0 0 3 1 0 2 0 2 
0.017986989313716534 3 1 0 2 0 2 0 0 0 2 0 2 3 1 
-0.017986989313716534 3 1 0 2 0 2 0 0 3 1 0 2 0 2 
-0.017986989313716534 0 2 0 2 3 1 0 0 0 2 0 2 3 1 
0.017986989313716534 0 2 0 2 3 1 0 0 3 1 0 2 0 2 
0.1659699942216496 3 3 0 0 0 0 0 0 0 0 3 0 0 0 
0.024710852419832625 3 1 0 3 0 0 0 0 0 0 3 0 0 0 
-0.024710852419832625 0 1 3 0 0 0 0 0 0 0 3 0 0 0 
0.017773971225854307 3 1 0 2 0 2 0 0 0 0 3 0 0 0 
-0.017773971225854307 0 2 0 2 3 1 0 0 0 0 3 0 0 0 
0.011926565800757391 3 1 0 2 2 1 0 0 0 0 1 0 0 0 
-0.011926565800757391 3 1 0 2 2 1 0 0 0 3 1 3 0 0 
-0.011926565800757391 0 2 0 2 1 1 0 0 0 0 1 0 0 0 
0.011926565800757391 0 2 0 2 1 1 0 0 0 3 1 3 0 0 
0.012180920403084685 3 1 0 3 0 0 0 0 0 3 2 2 1 1 
-0.012180920403084685 3 1 0 3 0 0 0 0 0 3 1 2 2 1 
-0.012180920403084685 0 1 3 0 0 0 0 0 0 3 2 2 1 1 
0.012180920403084685 0 1 3 0 0 0 0 0 0 3 1 2 2 1 
0.027450175542760927 3 3 0 0 0 0 0 0 0 3 2 2 1 1 
-0.027450175542760927 3 3 0 0 0 0 0 0 0 3 1 2 2 1 
0.01471874408403995 3 1 0 2 0 2 0 0 0 3 2 2 1 1 
-0.01471874408403995 3 1 0 2 0 2 0 0 0 3 1 2 2 1 
-0.01471874408403995 0 2 0 2 3 1 0 0 0 3 2 2 1 1 
0.01471874408403995 0 2 0 2 3 1 0 0 0 3 1 2 2 1 
-0.019410170916241063 3 2 2 0 0 0 0 0 0 3 2 2 3 1 
0.019410170916241063 3 2 2 0 0 0 0 0 0 3 1 2 0 2 
-0.019410170916241063 0 1 1 0 0 0 0 0 0 3 2 2 3 1 
0.019410170916241063 0 1 1 0 0 0 0 0 0 3 1 2 0 2 
-0.003950005692096087 3 1 0 2 0 3 2 0 0 3 2 2 3 1 
0.003950005692096087 3 1 0 2 0 3 2 0 0 3 1 2 0 2 
0.003950005692096087 0 2 0 2 0 3 1 0 0 3 2 2 3 1 
-0.003950005692096087 0 2 0 2 0 3 1 0 0 3 1 2 0 2 
0.03753670930073426 3 1 0 2 0 2 0 0 0 3 3 3 0 0 
-0.03753670930073426 0 2 0 2 3 1 0 0 0 3 3 3 0 0 
0.18737466456924765 3 3 0 0 0 0 0 0 0 3 3 3 0 0 
0.01953369217738187 3 1 0 3 0 0 0 0 0 3 3 3 0 0 
-0.01953369217738187 0 1 3 0 0 0 0 0 0 3 3 3 0 0 
-0.013544070818259356 3 1 0 2 2 1 0 0 0 0 0 1 1 1 
-0.013544070818259356 3 1 0 2 2 1 0 0 0 3 3 2 2 1 
0.013544070818259356 0 2 0 2 1 1 0 0 0 0 0 1 1 1 
0.013544070818259356 0 2 0 2 1 1 0 0 0 3 3 2 2 1 
0.15307895844836733 3 3 0 0 0 0 0 0 0 0 0 0 3 0 
-0.012774826683992761 3 1 0 3 0 0 0 0 0 0 0 0 3 0 
0.012774826683992761 0 1 3 0 0 0 0 0 0 0 0 0 3 0 
-0.022449536242713248 3 2 2 0 0 0 0 0 0 0 0 0 1 0 
0.022449536242713248 3 2 2 0 0 0 0 0 0 0 0 0 1 3 
-0.022449536242713248 0 1 1 0 0 0 0 0 0 0 0 0 1 0 
0.022449536242713248 0 1 1 0 0 0 0 0 0 0 0 0 1 3 
0.024834287827369246 3 1 0 2 0 2 0 0 0 0 0 0 3 0 
-0.024834287827369246 0 2 0 2 3 1 0 0 0 0 0 0 3 0 
0.0024207267504931995 3 1 0 2 0 3 2 0 0 0 0 0 1 0 
-0.0024207267504931995 3 1 0 2 0 3 2 0 0 0 0 0 1 3 
-0.0024207267504931995 0 2 0 2 0 3 1 0 0 0 0 0 1 0 
0.0024207267504931995 0 2 0 2 0 3 1 0 0 0 0 0 1 3 
0.15334351696503273 3 3 0 0 0 0 0 0 0 0 0 0 3 3 
0.003303827490347031 3 1 0 3 0 0 0 0 0 0 0 0 3 3 
-0.003303827490347031 0 1 3 0 0 0 0 0 0 0 0 0 3 3 
0.015941943529368965 3 1 0 2 0 2 0 0 0 0 0 0 3 3 
-0.015941943529368965 0 2 0 2 3 1 0 0 0 0 0 0 3 3 
0.1328192992864009 0 3 0 3 0 0 0 0 0 0 0 0 0 0 
-0.01988843013311486 0 3 0 2 0 2 0 0 0 0 0 0 0 0 
-0.01988843013311486 0 0 3 1 3 1 0 0 0 0 0 0 0 0 
0.1478299507291703 0 0 3 0 3 0 0 0 0 0 0 0 0 0 
0.12441582449747128 0 0 3 0 3 3 0 0 0 0 0 0 0 0 
0.10972869004605779 0 0 3 0 0 0 3 0 0 0 0 0 0 0 
-0.038158489558130095 0 0 2 1 0 3 2 0 0 0 0 0 0 0 
-0.038158489558130095 0 0 1 1 0 3 1 0 0 0 0 0 0 0 
0.009740812629284255 0 3 1 3 3 2 2 0 0 0 0 0 0 0 
-0.0016351401083052955 0 3 1 3 0 1 1 0 0 0 0 0 0 0 
-0.011375952737589547 0 0 2 0 0 1 2 0 0 0 0 0 0 0 
-0.011375952737589547 0 3 2 3 3 2 1 0 0 0 0 0 0 0 
0.0016351401083052955 0 0 1 0 3 2 2 0 0 0 0 0 0 0 
-0.009740812629284255 0 0 1 0 0 1 1 0 0 0 0 0 0 0 
-0.0426951608724055 0 3 1 2 3 3 2 0 0 0 0 0 0 0 
0.0426951608724055 0 3 2 2 3 3 1 0 0 0 0 0 0 0 
-0.02548565516896206 0 3 1 2 3 0 2 0 0 0 0 0 0 0 
0.02548565516896206 0 3 2 2 3 0 1 0 0 0 0 0 0 0 
0.19711508882276013 0 0 3 3 0 3 3 3 0 0 0 0 0 0 
0.09093135540874339 0 3 1 1 0 0 1 3 0 0 0 0 0 0 
0.09093135540874339 0 3 2 1 0 0 2 3 0 0 0 0 0 0 
0.0011518549006082697 0 0 3 0 0 0 0 1 1 1 0 1 0 0 
0.0011518549006082697 0 0 3 3 0 3 3 2 2 1 0 1 0 0 
-0.0018122281187018278 0 3 1 2 0 3 2 1 1 1 0 1 0 0 
0.0018122281187018278 0 3 1 1 0 0 1 2 2 1 0 1 0 0 
0.0018122281187018278 0 3 2 2 0 3 1 1 1 1 0 1 0 0 
0.0018122281187018278 0 3 2 1 0 0 2 2 2 1 0 1 0 0 
0.001572758623560823 0 0 3 0 0 0 0 1 0 3 1 1 0 0 
0.001572758623560823 0 0 3 3 0 3 3 2 0 3 2 1 0 0 
-0.0008542701478880197 0 3 1 3 0 0 0 1 3 1 0 1 0 0 
-0.0008542701478880197 0 3 1 0 0 3 3 2 0 2 0 1 0 0 
0.0008542701478880197 0 0 1 0 0 0 0 1 3 1 0 1 0 0 
0.0008542701478880197 0 0 1 3 0 3 3 2 0 2 0 1 0 0 
0.00018918696244109399 0 0 3 0 0 0 0 1 0 0 0 3 1 1 
0.00018918696244109399 0 0 3 3 0 3 3 2 0 0 0 3 2 1 
0.0016423767487895955 0 3 1 2 0 3 2 1 0 0 0 3 1 1 
-0.0016423767487895955 0 3 1 1 0 0 1 2 0 0 0 3 2 1 
-0.0016423767487895955 0 3 2 2 0 3 1 1 0 0 0 3 1 1 
-0.0016423767487895955 0 3 2 1 0 0 2 2 0 0 0 3 2 1 
0.00014244956877338733 0 3 1 2 0 3 2 1 0 3 1 1 0 0 
-0.00014244956877338733 0 3 1 1 0 0 1 2 0 3 2 1 0 0 
-0.00014244956877338733 0 3 2 2 0 3 1 1 0 3 1 1 0 0 
-0.00014244956877338733 0 3 2 1 0 0 2 2 0 3 2 1 0 0 
-0.0008119699093030754 0 3 1 2 0 2 0 1 3 1 0 1 0 0 
0.0008119699093030754 0 3 1 1 0 1 3 2 0 2 0 1 0 0 
0.0008119699093030754 0 3 2 2 3 1 0 1 3 1 0 1 0 0 
0.0008119699093030754 0 3 2 1 3 2 3 2 0 2 0 1 0 0 
-0.0009390000838606557 0 3 1 2 0 2 0 1 0 0 0 3 3 1 
0.0009390000838606557 0 3 1 1 0 1 3 2 0 0 0 3 0 2 
0.0009390000838606557 0 3 2 2 3 1 0 1 0 0 0 3 3 1 
0.0009390000838606557 0 3 2 1 3 2 3 2 0 0 0 3 0 2 
-0.001160470702333365 0 3 1 3 0 0 0 1 0 0 0 3 3 1 
-0.001160470702333365 0 3 1 0 0 3 3 2 0 0 0 3 0 2 
0.001160470702333365 0 0 1 0 0 0 0 1 0 0 0 3 3 1 
0.001160470702333365 0 0 1 3 0 3 3 2 0 0 0 3 0 2 
0.1586396785425686 0 0 3 0 0 0 0 0 3 0 0 0 0 0 
-0.03657686682876642 0 3 1 2 0 3 2 0 3 0 0 0 0 0 
0.03657686682876642 0 3 2 2 0 3 1 0 3 0 0 0 0 0 
0.005624612738495319 0 3 1 3 0 0 0 0 1 0 0 0 0 0 
-0.005624612738495319 0 3 1 3 0 0 0 0 1 3 0 0 0 0 
-0.005624612738495319 0 0 1 0 0 0 0 0 1 0 0 0 0 0 
0.005624612738495319 0 0 1 0 0 0 0 0 1 3 0 0 0 0 
0.008348922180092542 0 3 1 2 0 2 0 0 1 0 0 0 0 0 
-0.008348922180092542 0 3 1 2 0 2 0 0 1 3 0 0 0 0 
-0.008348922180092542 0 3 2 2 3 1 0 0 1 0 0 0 0 0 
0.008348922180092542 0 3 2 2 3 1 0 0 1 3 0 0 0 0 
-0.020523992494361206 0 3 1 2 0 3 2 0 2 2 1 0 0 0 
0.020523992494361206 0 3 1 2 0 3 2 0 1 2 2 0 0 0 
0.020523992494361206 0 3 2 2 0 3 1 0 2 2 1 0 0 0 
-0.020523992494361206 0 3 2 2 0 3 1 0 1 2 2 0 0 0 
-0.001175660689606531 0 0 3 0 0 0 0 0 2 2 1 0 0 0 
0.001175660689606531 0 0 3 0 0 0 0 0 1 2 2 0 0 0 
-0.018715014795278755 0 0 3 0 0 0 0 0 2 1 0 2 1 1 
0.018715014795278755 0 0 3 0 0 0 0 0 1 1 0 2 2 1 
0.017986989313716534 0 3 1 2 0 3 2 0 2 1 0 2 1 1 
-0.017986989313716534 0 3 1 2 0 3 2 0 1 1 0 2 2 1 
-0.017986989313716534 0 3 2 2 0 3 1 0 2 1 0 2 1 1 
0.017986989313716534 0 3 2 2 0 3 1 0 1 1 0 2 2 1 
0.008401922499457941 0 3 1 2 0 2 0 0 2 1 0 2 3 1 
-0.008401922499457941 0 3 1 2 0 2 0 0 1 1 0 2 0 2 
-0.008401922499457941 0 3 2 2 3 1 0 0 2 1 0 2 3 1 
0.008401922499457941 0 3 2 2 3 1 0 0 1 1 0 2 0 2 
0.00874811789736328 0 3 1 3 0 0 0 0 2 1 0 2 3 1 
-0.00874811789736328 0 3 1 3 0 0 0 0 1 1 0 2 0 2 
-0.00874811789736328 0 0 1 0 0 0 0 0 2 1 0 2 3 1 
0.00874811789736328 0 0 1 0 0 0 0 0 1 1 0 2 0 2 
0.15431965668661005 0 0 3 0 0 0 0 0 3 3 0 0 0 0 
-0.013026306753758056 0 3 1 3 0 0 0 0 0 1 1 0 0 0 
-0.013026306753758056 0 3 1 3 0 0 0 0 3 2 2 0 0 0 
0.013026306753758056 0 0 1 0 0 0 0 0 0 1 1 0 0 0 
0.013026306753758056 0 0 1 0 0 0 0 0 3 2 2 0 0 0 
-0.022346153420810966 0 3 1 2 0 3 2 0 3 3 0 0 0 0 
0.022346153420810966 0 3 2 2 0 3 1 0 3 3 0 0 0 0 
0.006992055924308149 0 3 1 2 2 1 0 0 0 1 3 0 0 0 
-0.006992055924308149 0 3 1 2 2 1 0 0 3 1 0 3 0 0 
-0.006992055924308149 0 3 2 2 1 1 0 0 0 1 3 0 0 0 
0.006992055924308149 0 3 2 2 1 1 0 0 3 1 0 3 0 0 
-0.007897956883503046 0 3 1 2 0 2 0 0 0 1 1 0 0 0 
-0.007897956883503046 0 3 1 2 0 2 0 0 3 2 2 0 0 0 
0.007897956883503046 0 3 2 2 3 1 0 0 0 1 1 0 0 0 
0.007897956883503046 0 3 2 2 3 1 0 0 3 2 2 0 0 0 
-0.007897956883503046 0 3 1 3 0 0 0 0 0 2 0 2 1 1 
0.007897956883503046 0 3 1 3 0 0 0 0 3 1 0 2 2 1 
0.007897956883503046 0 0 1 0 0 0 0 0 0 2 0 2 1 1 
-0.007897956883503046 0 0 1 0 0 0 0 0 3 1 0 2 2 1 
-0.016957983775143196 0 3 1 2 0 2 0 0 0 2 0 2 1 1 
0.016957983775143196 0 3 1 2 0 2 0 0 3 1 0 2 2 1 
0.016957983775143196 0 3 2 2 3 1 0 0 0 2 0 2 1 1 
-0.016957983775143196 0 3 2 2 3 1 0 0 3 1 0 2 2 1 
-0.039592254244341485 0 3 1 2 0 3 2 0 0 2 0 2 3 1 
0.039592254244341485 0 3 1 2 0 3 2 0 3 1 0 2 0 2 
0.039592254244341485 0 3 2 2 0 3 1 0 0 2 0 2 3 1 
-0.039592254244341485 0 3 2 2 0 3 1 0 3 1 0 2 0 2 
0.022346153420810963 0 0 3 0 0 0 0 0 0 2 0 2 3 1 
-0.022346153420810963 0 0 3 0 0 0 0 0 3 1 0 2 0 2 
0.14584560604015895 0 0 3 0 0 0 0 0 0 0 3 0 0 0 
-0.023432827125829482 0 3 1 2 0 3 2 0 0 3 2 2 1 1 
0.023432827125829482 0 3 1 2 0 3 2 0 0 3 1 2 2 1 
0.023432827125829482 0 3 2 2 0 3 1 0 0 3 2 2 1 1 
-0.023432827125829482 0 3 2 2 0 3 1 0 0 3 1 2 2 1 
-0.03654021737688186 0 3 1 2 0 3 2 0 0 0 3 0 0 0 
0.03654021737688186 0 3 2 2 0 3 1 0 0 0 3 0 0 0 
0.011990473249611814 0 0 3 0 0 0 0 0 0 3 2 2 1 1 
-0.011990473249611814 0 0 3 0 0 0 0 0 0 3 1 2 2 1 
-0.001618272181248232 0 3 1 3 0 0 0 0 0 3 2 2 3 1 
0.001618272181248232 0 3 1 3 0 0 0 0 0 3 1 2 0 2 
0.001618272181248232 0 0 1 0 0 0 0 0 0 3 2 2 3 1 
-0.001618272181248232 0 0 1 0 0 0 0 0 0 3 1 2 0 2 
-0.012056874388239934 0 3 1 2 0 2 0 0 0 3 2 2 3 1 
0.012056874388239934 0 3 1 2 0 2 0 0 0 3 1 2 0 2 
0.012056874388239934 0 3 2 2 3 1 0 0 0 3 2 2 3 1 
-0.012056874388239934 0 3 2 2 3 1 0 0 0 3 1 2 0 2 
-0.04861606558390944 0 3 1 2 0 3 2 0 0 3 3 3 0 0 
0.04861606558390944 0 3 2 2 0 3 1 0 0 3 3 3 0 0 
0.005920904711503942 0 3 1 2 2 1 0 0 0 0 0 1 3 1 
0.005920904711503942 0 3 1 2 2 1 0 0 0 3 3 2 0 2 
-0.005920904711503942 0 3 2 2 1 1 0 0 0 0 0 1 3 1 
-0.005920904711503942 0 3 2 2 1 1 0 0 0 3 3 2 0 2 
0.15482200665347845 0 0 3 0 0 0 0 0 0 3 3 3 0 0 
0.14137380827261448 0 0 3 0 0 0 0 0 0 0 0 0 3 0 
-0.010495919568833442 0 3 1 2 0 3 2 0 0 0 0 0 3 0 
0.010495919568833442 0 3 2 2 0 3 1 0 0 0 0 0 3 0 
-0.01369201449654523 0 3 1 3 0 0 0 0 0 0 0 0 1 0 
0.01369201449654523 0 3 1 3 0 0 0 0 0 0 0 0 1 3 
0.01369201449654523 0 0 1 0 0 0 0 0 0 0 0 0 1 0 
-0.01369201449654523 0 0 1 0 0 0 0 0 0 0 0 0 1 3 
-0.014989735600128614 0 3 1 2 0 2 0 0 0 0 0 0 1 0 
0.014989735600128614 0 3 1 2 0 2 0 0 0 0 0 0 1 3 
0.014989735600128614 0 3 2 2 3 1 0 0 0 0 0 0 1 0 
-0.014989735600128614 0 3 2 2 3 1 0 0 0 0 0 0 1 3 
0.14932094429039927 0 0 3 0 0 0 0 0 0 0 0 0 3 3 
-0.021628258678342654 0 3 1 2 0 3 2 0 0 0 0 0 3 3 
0.021628258678342654 0 3 2 2 0 3 1 0 0 0 0 0 3 3 
0.11636532249692572 0 3 3 3 3 3 0 0 0 0 0 0 0 0 
0.16321595654277973 0 3 3 3 3 0 0 0 0 0 0 0 0 0 
0.12903136835186607 0 3 3 3 0 0 3 0 0 0 0 0 0 0 
-0.03347337113565858 0 3 3 2 3 2 0 0 0 0 0 0 0 0 
-0.03347337113565858 0 0 0 1 0 1 0 0 0 0 0 0 0 0 
-0.02608078282298466 0 3 3 2 0 2 3 0 0 0 0 0 0 0 
-0.02608078282298466 0 0 0 1 3 1 3 0 0 0 0 0 0 0 
0.239575850543582 0 3 3 0 0 3 3 3 0 0 0 0 0 0 
0.06253320241026497 0 3 3 1 0 1 3 3 0 0 0 0 0 0 
0.06253320241026497 0 0 0 2 3 2 3 3 0 0 0 0 0 0 
0.0030961638546310815 0 3 3 3 0 0 0 1 1 1 0 1 0 0 
0.0030961638546310815 0 3 3 0 0 3 3 2 2 1 0 1 0 0 
0.002336939116646858 0 3 3 2 0 3 2 1 3 1 0 1 0 0 
-0.002336939116646858 0 3 3 1 0 0 1 2 0 2 0 1 0 0 
0.002336939116646858 0 0 0 1 0 3 1 1 3 1 0 1 0 0 
-0.002336939116646858 0 0 0 2 0 0 2 2 0 2 0 1 0 0 
-0.0007913290014234885 0 3 3 2 0 2 0 1 1 1 0 1 0 0 
0.0007913290014234885 0 3 3 1 0 1 3 2 2 1 0 1 0 0 
-0.0007913290014234885 0 0 0 1 3 1 0 1 1 1 0 1 0 0 
0.0007913290014234885 0 0 0 2 3 2 3 2 2 1 0 1 0 0 
0.00332692592142159 0 3 3 2 2 1 0 1 0 3 3 1 0 0 
0.00332692592142159 0 3 3 1 2 2 3 2 0 0 0 2 0 0 
0.00332692592142159 0 0 0 1 1 1 0 1 0 3 3 1 0 0 
-0.00332692592142159 0 0 0 2 1 2 3 2 0 0 0 2 0 0 
-0.00013988630524358205 0 3 3 2 0 2 0 1 0 3 1 1 0 0 
0.00013988630524358205 0 3 3 1 0 1 3 2 0 3 2 1 0 0 
-0.00013988630524358205 0 0 0 1 3 1 0 1 0 3 1 1 0 0 
0.00013988630524358205 0 0 0 2 3 2 3 2 0 3 2 1 0 0 
-0.0023988587627539796 0 3 3 3 0 0 0 1 0 3 1 1 0 0 
-0.0023988587627539796 0 3 3 0 0 3 3 2 0 3 2 1 0 0 
-0.004500491922407963 0 3 3 3 0 0 0 1 0 0 0 3 1 1 
-0.004500491922407963 0 3 3 0 0 3 3 2 0 0 0 3 2 1 
0.003069879294261745 0 3 3 2 0 3 2 1 0 0 0 3 3 1 
-0.003069879294261745 0 3 3 1 0 0 1 2 0 0 0 3 0 2 
0.003069879294261745 0 0 0 1 0 3 1 1 0 0 0 3 3 1 
-0.003069879294261745 0 0 0 2 0 0 2 2 0 0 0 3 0 2 
0.0005582426565659035 0 3 3 2 0 2 0 1 0 0 0 3 1 1 
-0.0005582426565659035 0 3 3 1 0 1 3 2 0 0 0 3 2 1 
0.0005582426565659035 0 0 0 1 3 1 0 1 0 0 0 3 1 1 
-0.0005582426565659035 0 0 0 2 3 2 3 2 0 0 0 3 2 1 
0.1659699942216496 0 3 3 3 0 0 0 0 3 0 0 0 0 0 
-0.027450175542760927 0 3 3 2 0 2 0 0 3 0 0 0 0 0 
-0.027450175542760927 0 0 0 1 3 1 0 0 3 0 0 0 0 0 
0.019410170916241063 0 3 3 2 0 3 2 0 1 0 0 0 0 0 
-0.019410170916241063 0 3 3 2 0 3 2 0 1 3 0 0 0 0 
0.019410170916241063 0 0 0 1 0 3 1 0 1 0 0 0 0 0 
-0.019410170916241063 0 0 0 1 0 3 1 0 1 3 0 0 0 0 
0.024710852419832625 0 3 3 3 0 0 0 0 2 2 1 0 0 0 
-0.024710852419832625 0 3 3 3 0 0 0 0 1 2 2 0 0 0 
-0.01192656580075739 0 3 3 2 2 1 0 0 2 2 3 0 0 0 
-0.01192656580075739 0 3 3 2 2 1 0 0 1 1 0 3 0 0 
-0.01192656580075739 0 0 0 1 1 1 0 0 2 2 3 0 0 0 
-0.01192656580075739 0 0 0 1 1 1 0 0 1 1 0 3 0 0 
-0.012180920403084687 0 3 3 2 0 2 0 0 2 2 1 0 0 0 
0.012180920403084687 0 3 3 2 0 2 0 0 1 2 2 0 0 0 
-0.012180920403084687 0 0 0 1 3 1 0 0 2 2 1 0 0 0 
0.012180920403084687 0 0 0 1 3 1 0 0 1 2 2 0 0 0 
-0.017773971225854307 0 3 3 3 0 0 0 0 2 1 0 2 1 1 
0.017773971225854307 0 3 3 3 0 0 0 0 1 1 0 2 2 1 
0.01471874408403995 0 3 3 2 0 2 0 0 2 1 0 2 1 1 
-0.01471874408403995 0 3 3 2 0 2 0 0 1 1 0 2 2 1 
0.01471874408403995 0 0 0 1 3 1 0 0 2 1 0 2 1 1 
-0.01471874408403995 0 0 0 1 3 1 0 0 1 1 0 2 2 1 
-0.003950005692096087 0 3 3 2 0 3 2 0 2 1 0 2 3 1 
0.003950005692096087 0 3 3 2 0 3 2 0 1 1 0 2 0 2 
-0.003950005692096087 0 0 0 1 0 3 1 0 2 1 0 2 3 1 
0.003950005692096087 0 0 0 1 0 3 1 0 1 1 0 2 0 2 
0.14584560604015895 0 3 3 3 0 0 0 0 3 3 0 0 0 0 
-0.0016182721812482322 0 3 3 2 0 3 2 0 0 1 1 0 0 0 
-0.0016182721812482322 0 3 3 2 0 3 2 0 3 2 2 0 0 0 
-0.0016182721812482322 0 0 0 1 0 3 1 0 0 1 1 0 0 0 
-0.0016182721812482322 0 0 0 1 0 3 1 0 3 2 2 0 0 0 
-0.011990473249611814 0 3 3 2 0 2 0 0 3 3 0 0 0 0 
-0.011990473249611814 0 0 0 1 3 1 0 0 3 3 0 0 0 0 
-0.012056874388239935 0 3 3 2 0 3 2 0 0 2 0 2 1 1 
0.012056874388239935 0 3 3 2 0 3 2 0 3 1 0 2 2 1 
-0.012056874388239935 0 0 0 1 0 3 1 0 0 2 0 2 1 1 
0.012056874388239935 0 0 0 1 0 3 1 0 3 1 0 2 2 1 
-0.023432827125829482 0 3 3 2 0 2 0 0 0 2 0 2 3 1 
0.023432827125829482 0 3 3 2 0 2 0 0 3 1 0 2 0 2 
-0.023432827125829482 0 0 0 1 3 1 0 0 0 2 0 2 3 1 
0.023432827125829482 0 0 0 1 3 1 0 0 3 1 0 2 0 2 
0.03654021737688186 0 3 3 3 0 0 0 0 0 2 0 2 3 1 
-0.03654021737688186 0 3 3 3 0 0 0 0 3 1 0 2 0 2 
-0.03260845557333629 0 3 3 2 0 2 0 0 0 0 3 0 0 0 
-0.03260845557333629 0 0 0 1 3 1 0 0 0 0 3 0 0 0 
0.18345837610199733 0 3 3 3 0 0 0 0 0 0 3 0 0 0 
-0.021848667820151692 0 3 3 2 0 2 0 0 0 3 2 2 1 1 
0.021848667820151692 0 3 3 2 0 2 0 0 0 3 1 2 2 1 
-0.021848667820151692 0 0 0 1 3 1 0 0 0 3 2 2 1 1 
0.021848667820151692 0 0 0 1 3 1 0 0 0 3 1 2 2 1 
0.03260845557333629 0 3 3 3 0 0 0 0 0 3 2 2 1 1 
-0.03260845557333629 0 3 3 3 0 0 0 0 0 3 1 2 2 1 
0.013240512103081052 0 3 3 2 2 1 0 0 0 0 1 0 0 0 
-0.013240512103081052 0 3 3 2 2 1 0 0 0 3 1 3 0 0 
0.013240512103081052 0 0 0 1 1 1 0 0 0 0 1 0 0 0 
-0.013240512103081052 0 0 0 1 1 1 0 0 0 3 1 3 0 0 
-0.01815411584441033 0 3 3 2 0 3 2 0 0 3 2 2 3 1 
0.01815411584441033 0 3 3 2 0 3 2 0 0 3 1 2 0 2 
-0.01815411584441033 0 0 0 1 0 3 1 0 0 3 2 2 3 1 
0.01815411584441033 0 0 0 1 0 3 1 0 0 3 1 2 0 2 
0.0005156792750868275 0 3 3 2 2 1 0 0 0 0 0 1 1 1 
0.0005156792750868275 0 3 3 2 2 1 0 0 0 3 3 2 2 1 
0.0005156792750868275 0 0 0 1 1 1 0 0 0 0 0 1 1 1 
0.0005156792750868275 0 0 0 1 1 1 0 0 0 3 3 2 2 1 
-0.03398905041074541 0 3 3 2 0 2 0 0 0 3 3 3 0 0 
-0.03398905041074541 0 0 0 1 3 1 0 0 0 3 3 3 0 0 
0.17645646864586076 0 3 3 3 0 0 0 0 0 3 3 3 0 0 
0.13821399031707743 0 3 3 3 0 0 0 0 0 0 0 0 3 0 
-0.01249277415738076 0 3 3 2 0 2 0 0 0 0 0 0 3 0 
-0.01249277415738076 0 0 0 1 3 1 0 0 0 0 0 0 3 0 
-0.01507215893507867 0 3 3 2 0 3 2 0 0 0 0 0 1 0 
0.01507215893507867 0 3 3 2 0 3 2 0 0 0 0 0 1 3 
-0.01507215893507867 0 0 0 1 0 3 1 0 0 0 0 0 1 0 
0.01507215893507867 0 0 0 1 0 3 1 0 0 0 0 0 1 3 
0.14718548419627642 0 3 3 3 0 0 0 0 0 0 0 0 3 3 
-0.011008623887905996 0 3 3 2 0 2 0 0 0 0 0 0 3 3 
-0.011008623887905996 0 0 0 1 3 1 0 0 0 0 0 0 3 3 
0.13863816877868682 0 0 0 0 0 3 0 0 0 0 0 0 0 0 
0.14689861642291685 0 0 0 0 3 0 3 0 0 0 0 0 0 0 
0.001285731161196586 0 0 0 0 3 0 0 1 0 3 1 1 0 0 
0.001285731161196586 0 0 0 3 3 3 3 2 0 3 2 1 0 0 
0.2788371164224306 0 0 0 3 3 3 3 3 0 0 0 0 0 0 
0.002966499736232765 0 0 0 0 3 0 0 1 1 1 0 1 0 0 
0.002966499736232765 0 0 0 3 3 3 3 2 2 1 0 1 0 0 
0.0035213862043040234 0 0 0 0 1 3 0 1 0 3 3 1 0 0 
0.0035213862043040234 0 0 0 3 1 0 3 2 0 0 0 2 0 0 
-0.0035213862043040234 0 0 0 0 1 0 0 1 0 3 3 1 0 0 
-0.0035213862043040234 0 0 0 3 1 3 3 2 0 0 0 2 0 0 
-0.0014115641962142635 0 0 0 0 3 0 0 1 0 0 0 3 1 1 
-0.0014115641962142635 0 0 0 3 3 3 3 2 0 0 0 3 2 1 
0.18737466456924765 0 0 0 0 3 0 0 0 3 0 0 0 0 0 
0.01953369217738187 0 0 0 0 3 0 0 0 2 2 1 0 0 0 
-0.01953369217738187 0 0 0 0 3 0 0 0 1 2 2 0 0 0 
0.15482200665347845 0 0 0 0 3 0 0 0 3 3 0 0 0 0 
-0.013544070818259358 0 0 0 0 1 3 0 0 2 2 3 0 0 0 
-0.013544070818259358 0 0 0 0 1 3 0 0 1 1 0 3 0 0 
0.013544070818259358 0 0 0 0 1 0 0 0 2 2 3 0 0 0 
0.013544070818259358 0 0 0 0 1 0 0 0 1 1 0 3 0 0 
-0.03753670930073426 0 0 0 0 3 0 0 0 2 1 0 2 1 1 
0.03753670930073426 0 0 0 0 3 0 0 0 1 1 0 2 2 1 
0.04861606558390944 0 0 0 0 3 0 0 0 0 2 0 2 3 1 
-0.04861606558390944 0 0 0 0 3 0 0 0 3 1 0 2 0 2 
0.17645646864586076 0 0 0 0 3 0 0 0 0 0 3 0 0 0 
0.005920904711503942 0 0 0 0 1 2 2 0 0 1 3 0 0 0 
-0.005920904711503942 0 0 0 0 1 2 2 0 3 1 0 3 0 0 
-0.005920904711503942 0 0 0 0 2 2 1 0 0 1 3 0 0 0 
0.005920904711503942 0 0 0 0 2 2 1 0 3 1 0 3 0 0 
-0.0005156792750868275 0 0 0 0 1 3 0 0 0 0 1 0 0 0 
0.0005156792750868275 0 0 0 0 1 3 0 0 0 3 1 3 0 0 
0.0005156792750868275 0 0 0 0 1 0 0 0 0 0 1 0 0 0 
-0.0005156792750868275 0 0 0 0 1 0 0 0 0 3 1 3 0 0 
0.03398905041074541 0 0 0 0 3 0 0 0 0 3 2 2 1 1 
-0.03398905041074541 0 0 0 0 3 0 0 0 0 3 1 2 2 1 
0.2200397733437609 0 0 0 0 3 0 0 0 0 3 3 3 0 0 
-0.009130708303534407 0 0 0 0 1 3 0 0 0 0 0 1 1 1 
-0.009130708303534407 0 0 0 0 1 3 0 0 0 3 3 2 2 1 
0.009130708303534407 0 0 0 0 1 0 0 0 0 0 0 1 1 1 
0.009130708303534407 0 0 0 0 1 0 0 0 0 3 3 2 2 1 
0.00601380500825001 0 0 0 0 1 2 2 0 0 0 0 1 3 1 
0.00601380500825001 0 0 0 0 1 2 2 0 0 3 3 2 0 2 
-0.00601380500825001 0 0 0 0 2 2 1 0 0 0 0 1 3 1 
-0.00601380500825001 0 0 0 0 2 2 1 0 0 3 3 2 0 2 
0.14776887708222122 0 0 0 0 3 0 0 0 0 0 0 0 3 0 
0.15291242143116687 0 0 0 0 3 0 0 0 0 0 0 0 3 3 
0.11280727955971373 0 0 0 0 3 3 3 0 0 0 0 0 0 0 
0.2021984677536005 0 0 0 3 3 0 3 3 0 0 0 0 0 0 
0.0018380553417279737 0 0 0 0 3 3 0 1 1 1 0 1 0 0 
0.0018380553417279737 0 0 0 3 3 0 3 2 2 1 0 1 0 0 
-0.00203741028130868 0 0 0 0 3 2 2 1 3 1 0 1 0 0 
0.00203741028130868 0 0 0 3 3 1 1 2 0 2 0 1 0 0 
-0.00203741028130868 0 0 0 0 0 1 1 1 3 1 0 1 0 0 
0.00203741028130868 0 0 0 3 0 2 2 2 0 2 0 1 0 0 
0.004895195077354654 0 0 0 0 3 3 0 1 0 3 1 1 0 0 
0.004895195077354654 0 0 0 3 3 0 3 2 0 3 2 1 0 0 
0.002337107405892897 0 0 0 0 3 3 0 1 0 0 0 3 1 1 
0.002337107405892897 0 0 0 3 3 0 3 2 0 0 0 3 2 1 
-0.0025955176024190793 0 0 0 0 3 2 2 1 0 0 0 3 3 1 
0.0025955176024190793 0 0 0 3 3 1 1 2 0 0 0 3 0 2 
-0.0025955176024190793 0 0 0 0 0 1 1 1 0 0 0 3 3 1 
0.0025955176024190793 0 0 0 3 0 2 2 2 0 0 0 3 0 2 
0.15307895844836733 0 0 0 0 3 3 0 0 3 0 0 0 0 0 
-0.02244953624271325 0 0 0 0 3 2 2 0 1 0 0 0 0 0 
0.02244953624271325 0 0 0 0 3 2 2 0 1 3 0 0 0 0 
-0.02244953624271325 0 0 0 0 0 1 1 0 1 0 0 0 0 0 
0.02244953624271325 0 0 0 0 0 1 1 0 1 3 0 0 0 0 
-0.012774826683992763 0 0 0 0 3 3 0 0 2 2 1 0 0 0 
0.012774826683992763 0 0 0 0 3 3 0 0 1 2 2 0 0 0 
-0.024834287827369246 0 0 0 0 3 3 0 0 2 1 0 2 1 1 
0.024834287827369246 0 0 0 0 3 3 0 0 1 1 0 2 2 1 
-0.0024207267504932 0 0 0 0 3 2 2 0 2 1 0 2 3 1 
0.0024207267504932 0 0 0 0 3 2 2 0 1 1 0 2 0 2 
-0.0024207267504932 0 0 0 0 0 1 1 0 2 1 0 2 3 1 
0.0024207267504932 0 0 0 0 0 1 1 0 1 1 0 2 0 2 
0.013692014496545227 0 0 0 0 3 2 2 0 0 1 1 0 0 0 
0.013692014496545227 0 0 0 0 3 2 2 0 3 2 2 0 0 0 
0.013692014496545227 0 0 0 0 0 1 1 0 0 1 1 0 0 0 
0.013692014496545227 0 0 0 0 0 1 1 0 3 2 2 0 0 0 
0.14137380827261448 0 0 0 0 3 3 0 0 3 3 0 0 0 0 
0.014989735600128617 0 0 0 0 3 2 2 0 0 2 0 2 1 1 
-0.014989735600128617 0 0 0 0 3 2 2 0 3 1 0 2 2 1 
0.014989735600128617 0 0 0 0 0 1 1 0 0 2 0 2 1 1 
-0.014989735600128617 0 0 0 0 0 1 1 0 3 1 0 2 2 1 
0.010495919568833442 0 0 0 0 3 3 0 0 0 2 0 2 3 1 
-0.010495919568833442 0 0 0 0 3 3 0 0 3 1 0 2 0 2 
0.13821399031707743 0 0 0 0 3 3 0 0 0 0 3 0 0 0 
0.015072158935078666 0 0 0 0 3 2 2 0 0 3 2 2 3 1 
-0.015072158935078666 0 0 0 0 3 2 2 0 0 3 1 2 0 2 
0.015072158935078666 0 0 0 0 0 1 1 0 0 3 2 2 3 1 
-0.015072158935078666 0 0 0 0 0 1 1 0 0 3 1 2 0 2 
0.01249277415738076 0 0 0 0 3 3 0 0 0 3 2 2 1 1 
-0.01249277415738076 0 0 0 0 3 3 0 0 0 3 1 2 2 1 
0.14776887708222122 0 0 0 0 3 3 0 0 0 3 3 3 0 0 
0.14950524840652843 0 0 0 0 3 3 0 0 0 0 0 0 3 0 
0.027667716433186655 0 0 0 0 3 2 2 0 0 0 0 0 1 0 
-0.027667716433186655 0 0 0 0 3 2 2 0 0 0 0 0 1 3 
0.027667716433186655 0 0 0 0 0 1 1 0 0 0 0 0 1 0 
-0.027667716433186655 0 0 0 0 0 1 1 0 0 0 0 0 1 3 
0.14047499599290036 0 0 0 0 3 3 0 0 0 0 0 0 3 3 
0.21013054508339624 0 0 0 3 0 3 0 3 0 0 0 0 0 0 
0.002176283206110012 0 0 0 0 0 0 3 1 1 1 0 1 0 0 
0.002176283206110012 0 0 0 3 0 3 0 2 2 1 0 1 0 0 
0.0010559495985965977 0 0 0 0 0 0 3 1 0 3 1 1 0 0 
0.0010559495985965977 0 0 0 3 0 3 0 2 0 3 2 1 0 0 
-0.00096006239645511 0 0 0 0 0 0 3 1 0 0 0 3 1 1 
-0.00096006239645511 0 0 0 3 0 3 0 2 0 0 0 3 2 1 
0.15334351696503273 0 0 0 0 0 0 3 0 3 0 0 0 0 0 
0.003303827490347031 0 0 0 0 0 0 3 0 2 2 1 0 0 0 
-0.003303827490347031 0 0 0 0 0 0 3 0 1 2 2 0 0 0 
-0.015941943529368962 0 0 0 0 0 0 3 0 2 1 0 2 1 1 
0.015941943529368962 0 0 0 0 0 0 3 0 1 1 0 2 2 1 
0.14932094429039927 0 0 0 0 0 0 3 0 3 3 0 0 0 0 
0.021628258678342657 0 0 0 0 0 0 3 0 0 2 0 2 3 1 
-0.021628258678342657 0 0 0 0 0 0 3 0 3 1 0 2 0 2 
0.14718548419627642 0 0 0 0 0 0 3 0 0 0 3 0 0 0 
0.011008623887905996 0 0 0 0 0 0 3 0 0 3 2 2 1 1 
-0.011008623887905996 0 0 0 0 0 0 3 0 0 3 1 2 2 1 
0.15291242143116687 0 0 0 0 0 0 3 0 0 3 3 3 0 0 
0.14047499599290036 0 0 0 0 0 0 3 0 0 0 0 0 3 0 
0.15111422294621507 0 0 0 0 0 0 3 0 0 0 0 0 3 3 
0.23759485324614701 0 0 0 3 0 3 3 3 3 0 0 0 0 0 
-0.03049164099191146 0 0 0 3 0 3 3 3 1 2 2 0 0 0 
0.03049164099191146 0 0 0 3 0 3 3 3 2 2 1 0 0 0 
-0.08724577119407204 0 0 0 3 0 3 3 3 3 1 0 2 0 2 
0.08724577119407204 0 0 0 3 0 3 3 3 0 2 0 2 3 1 
0.19433298074878583 0 0 0 3 0 3 3 3 3 3 0 0 0 0 
0.06383950947607185 0 0 0 3 0 3 3 3 1 1 0 2 2 1 
-0.06383950947607185 0 0 0 3 0 3 3 3 2 1 0 2 1 1 
0.27233724324328024 0 0 0 3 0 3 3 3 0 3 3 3 0 0 
-0.062244849409181145 0 0 0 3 0 3 3 3 0 3 1 2 2 1 
0.062244849409181145 0 0 0 3 0 3 3 3 0 3 2 2 1 1 
0.23303238946332383 0 0 0 3 0 3 3 3 0 0 3 0 0 0 
0.194948385010847 0 0 0 3 0 3 3 3 0 0 0 0 3 0 
0.20523818994584214 0 0 0 3 0 3 3 3 0 0 0 0 3 3 
0.0014497711944934217 0 0 0 3 0 3 3 2 3 3 2 1 0 0 
0.0014497711944934217 0 0 0 0 0 0 0 1 3 3 1 1 0 0 
0.005545577029252307 0 0 0 3 0 3 3 2 1 2 0 1 0 0 
-0.005545577029252307 0 0 0 0 0 0 0 1 2 2 0 1 0 0 
0.007309228012744207 0 0 0 3 0 3 3 2 1 0 0 3 0 2 
-0.005377319311677901 0 0 0 3 0 3 3 2 2 3 0 3 3 1 
-0.001931908701066306 0 0 0 3 0 3 3 2 1 3 0 3 0 2 
0.001931908701066306 0 0 0 0 0 0 0 1 1 0 0 3 3 1 
-0.005377319311677901 0 0 0 0 0 0 0 1 2 0 0 3 0 2 
-0.007309228012744207 0 0 0 0 0 0 0 1 1 3 0 3 3 1 
0.00139759107891154 0 0 0 3 0 3 3 2 3 0 0 3 2 1 
0.00139759107891154 0 0 0 0 0 0 0 1 3 0 0 3 1 1 
-0.011149717876027539 0 0 0 3 0 3 3 2 2 2 3 2 0 0 
-0.011149717876027539 0 0 0 0 0 0 0 1 1 2 3 2 0 0 
0.007476275440355038 0 0 0 3 0 3 3 2 2 1 3 1 0 0 
0.007476275440355038 0 0 0 0 0 0 0 1 1 1 3 1 0 0 
-0.006058295738790204 0 0 0 3 0 3 3 2 2 2 1 3 2 1 
0.005483396400416557 0 0 0 3 0 3 3 2 2 2 2 3 1 1 
0.0005748993383736469 0 0 0 3 0 3 3 2 1 2 2 3 2 1 
-0.0005748993383736469 0 0 0 0 0 0 0 1 2 2 1 3 1 1 
-0.005483396400416557 0 0 0 0 0 0 0 1 1 2 1 3 2 1 
0.006058295738790204 0 0 0 0 0 0 0 1 1 2 2 3 1 1 
0.006676459195034506 0 0 0 3 0 3 3 2 2 1 0 1 3 3 
0.006676459195034506 0 0 0 0 0 0 0 1 1 1 0 1 3 3 
0.004236062130614162 0 0 0 3 0 3 3 2 2 1 0 1 3 0 
0.004236062130614162 0 0 0 0 0 0 0 1 1 1 0 1 3 0 
0.0024270287714488427 0 0 0 3 0 3 3 2 3 0 2 1 0 0 
0.0024270287714488427 0 0 0 0 0 0 0 1 3 0 1 1 0 0 
-0.0006227829468619813 0 0 0 3 0 3 3 2 3 3 0 3 2 1 
-0.0006227829468619813 0 0 0 0 0 0 0 1 3 3 0 3 1 1 
-0.0011764684143134928 0 0 0 3 0 3 3 2 0 1 1 3 0 2 
0.002194489547873471 0 0 0 3 0 3 3 2 0 1 2 3 3 1 
0.0010180211335599773 0 0 0 3 0 3 3 2 3 2 2 3 0 2 
0.0010180211335599773 0 0 0 0 0 0 0 1 0 1 1 3 3 1 
0.002194489547873471 0 0 0 0 0 0 0 1 3 2 1 3 0 2 
-0.0011764684143134928 0 0 0 0 0 0 0 1 3 2 2 3 3 1 
0.0010984101974480245 0 0 0 3 0 3 3 2 0 2 0 1 1 3 
-0.003679787030098275 0 0 0 3 0 3 3 2 0 2 0 1 1 0 
0.0025813768326502515 0 0 0 3 0 3 3 2 3 1 0 1 2 3 
0.0025813768326502515 0 0 0 0 0 0 0 1 0 2 0 1 2 0 
0.003679787030098275 0 0 0 0 0 0 0 1 3 1 0 1 1 3 
-0.0010984101974480245 0 0 0 0 0 0 0 1 3 1 0 1 1 0 
-0.004640378227651546 0 0 0 3 0 3 3 2 0 0 3 3 2 1 
-0.004640378227651546 0 0 0 0 0 0 0 1 0 0 3 3 1 1 
0.004612657082618176 0 0 0 3 0 3 3 2 0 0 1 2 0 0 
-0.004612657082618176 0 0 0 0 0 0 0 1 0 0 2 2 0 0 
0.0054534377339205565 0 0 0 3 0 3 3 2 0 3 2 1 3 0 
0.0054534377339205565 0 0 0 0 0 0 0 1 0 3 1 1 3 0 
0.004125828892858343 0 0 0 3 0 3 3 2 0 3 2 1 3 3 
0.004125828892858343 0 0 0 0 0 0 0 1 0 3 1 1 3 3 
-0.004932950400518287 0 0 0 3 0 3 3 2 0 3 3 0 2 1 
-0.004932950400518287 0 0 0 0 0 0 0 1 0 3 3 0 1 1 
-0.0035555799988741896 0 0 0 3 0 3 3 2 0 0 0 3 1 2 
0.0035555799988741896 0 0 0 0 0 0 0 1 0 0 0 3 2 2 
0.12428989438929942 0 0 0 0 0 0 0 0 0 3 0 0 0 0 
-0.025146740890232305 0 0 0 0 0 0 0 0 0 1 0 2 0 2 
0.025146740890232305 0 0 0 0 0 0 0 0 3 2 0 2 3 1 
0.13423647764885327 0 0 0 0 0 0 0 0 3 0 3 0 0 0 
-0.021252749988596158 0 0 0 0 0 0 0 0 3 3 1 2 2 1 
0.021252749988596158 0 0 0 0 0 0 0 0 3 3 2 2 1 1 
0.1281150634608992 0 0 0 0 0 0 0 0 3 0 0 0 3 0 
0.1507154438653189 0 0 0 0 0 0 0 0 3 3 3 3 0 0 
0.13733186102593725 0 0 0 0 0 0 0 0 3 0 0 0 3 3 
-0.004448952048888788 0 0 0 0 0 0 0 0 2 1 2 0 0 0 
-0.004448952048888788 0 0 0 0 0 0 0 0 1 1 1 0 0 0 
-0.0270639369753713 0 0 0 0 0 0 0 0 2 2 0 2 2 1 
-0.0270639369753713 0 0 0 0 0 0 0 0 1 2 0 2 1 1 
-0.010662053018877784 0 0 0 0 0 0 0 0 1 0 1 2 0 2 
-0.0011138215781201417 0 0 0 0 0 0 0 0 1 0 2 2 3 1 
-0.011775874596997927 0 0 0 0 0 0 0 0 2 3 2 2 0 2 
0.011775874596997927 0 0 0 0 0 0 0 0 2 0 1 2 3 1 
-0.0011138215781201417 0 0 0 0 0 0 0 0 1 3 1 2 0 2 
-0.010662053018877784 0 0 0 0 0 0 0 0 1 3 2 2 3 1 
-0.01404761374325531 0 0 0 0 0 0 0 0 1 3 0 0 1 3 
0.004462546928996718 0 0 0 0 0 0 0 0 1 3 0 0 1 0 
-0.009585066814258593 0 0 0 0 0 0 0 0 2 0 0 0 2 3 
-0.009585066814258593 0 0 0 0 0 0 0 0 2 3 0 0 2 0 
0.004462546928996718 0 0 0 0 0 0 0 0 1 0 0 0 1 3 
-0.01404761374325531 0 0 0 0 0 0 0 0 1 0 0 0 1 0 
0.029954891628938995 0 0 0 0 0 0 0 0 1 1 3 2 2 1 
-0.029954891628938995 0 0 0 0 0 0 0 0 2 1 3 2 1 1 
0.00760712637662448 0 0 0 0 0 0 0 0 1 1 1 3 0 0 
0.00760712637662448 0 0 0 0 0 0 0 0 2 1 2 3 0 0 
0.0006461782017490561 0 0 0 0 0 0 0 0 1 2 2 0 3 3 
-0.0006461782017490561 0 0 0 0 0 0 0 0 2 2 1 0 3 3 
-0.0019439174000471888 0 0 0 0 0 0 0 0 1 2 2 0 3 0 
0.0019439174000471888 0 0 0 0 0 0 0 0 2 2 1 0 3 0 
0.023992638482474897 0 0 0 0 0 0 0 0 1 2 3 1 2 1 
-0.023992638482474897 0 0 0 0 0 0 0 0 2 2 3 1 1 1 
0.018362670279862162 0 0 0 0 0 0 0 0 1 1 0 2 1 2 
0.018362670279862162 0 0 0 0 0 0 0 0 2 1 0 2 2 2 
0.1328192992864009 0 0 0 0 0 0 0 0 3 3 3 0 0 0 
-0.01988843013311486 0 0 0 0 0 0 0 0 3 0 1 2 2 1 
0.01988843013311486 0 0 0 0 0 0 0 0 3 0 2 2 1 1 
0.1478299507291703 0 0 0 0 0 0 0 0 3 0 3 3 0 0 
0.12441582449747128 0 0 0 0 0 0 0 0 3 3 0 0 3 0 
0.10972869004605779 0 0 0 0 0 0 0 0 3 3 0 0 3 3 
-0.038158489558130095 0 0 0 0 0 0 0 0 3 1 3 2 0 2 
0.038158489558130095 0 0 0 0 0 0 0 0 0 2 3 2 3 1 
0.0016351401083052955 0 0 0 0 0 0 0 0 3 2 2 0 1 0 
0.009740812629284255 0 0 0 0 0 0 0 0 3 2 2 0 1 3 
-0.011375952737589547 0 0 0 0 0 0 0 0 3 2 1 0 2 3 
-0.011375952737589547 0 0 0 0 0 0 0 0 0 1 2 0 2 0 
-0.009740812629284255 0 0 0 0 0 0 0 0 0 1 1 0 1 0 
-0.0016351401083052955 0 0 0 0 0 0 0 0 0 1 1 0 1 3 
-0.0426951608724055 0 0 0 0 0 0 0 0 3 2 3 1 0 2 
-0.0426951608724055 0 0 0 0 0 0 0 0 0 1 3 1 3 1 
-0.02548565516896206 0 0 0 0 0 0 0 0 3 1 0 2 3 2 
0.02548565516896206 0 0 0 0 0 0 0 0 0 2 0 2 0 1 
0.16321595654277973 0 0 0 0 0 0 0 0 0 3 0 3 0 0 
0.11636532249692572 0 0 0 0 0 0 0 0 0 0 3 0 3 0 
0.12903136835186607 0 0 0 0 0 0 0 0 0 0 3 0 3 3 
-0.03347337113565858 0 0 0 0 0 0 0 0 0 0 2 1 2 1 
-0.03347337113565858 0 0 0 0 0 0 0 0 0 0 1 1 1 1 
-0.02608078282298466 0 0 0 0 0 0 0 0 0 3 1 2 1 2 
-0.02608078282298466 0 0 0 0 0 0 0 0 0 3 2 2 2 2 
0.13863816877868682 0 0 0 0 0 0 0 0 0 3 3 3 3 0 
0.14689861642291685 0 0 0 0 0 0 0 0 0 3 3 3 3 3 
0.11280727955971373 0 0 0 0 0 0 0 0 0 0 0 0 0 3 
