-0.0009023919840049203 1 1 0 2 0 2 0 0 0 0 0 0 
0.0009023919840049203 2 1 0 2 3 1 0 0 0 0 0 0 
-0.005924991455521823 0 2 0 2 3 1 0 0 0 0 0 0 
0.005924991455521823 3 1 0 2 0 2 0 0 0 0 0 0 
-5.1447731147780456 0 0 0 0 0 0 0 0 0 0 0 0 
-0.2296321755076855 0 0 0 0 3 0 0 0 0 0 0 0 
-0.007629887412390738 3 2 2 0 0 0 0 0 0 0 0 0 
-0.007629887412390738 0 1 1 0 0 0 0 0 0 0 0 0 
1.0086846316246874 3 0 0 0 0 0 0 0 0 0 0 0 
-0.11671923645038026 3 3 0 0 0 0 0 0 0 0 0 0 
0.014737671428458412 1 0 0 0 0 0 0 0 0 0 0 0 
-0.014737671428458412 1 3 0 0 0 0 0 0 0 0 0 0 
-0.2296321755076854 0 3 3 3 0 0 0 0 0 0 0 0 
-0.025551962788744418 2 2 1 0 0 0 0 0 0 0 0 0 
0.025551962788744418 1 2 2 0 0 0 0 0 0 0 0 0 
0.014603413147872125 0 3 1 2 0 2 0 0 0 0 0 0 
-0.014603413147872125 0 3 2 2 3 1 0 0 0 0 0 0 
-0.19774167659509773 0 0 3 0 0 0 0 0 0 0 0 0 
-0.392094223513087 0 0 0 0 3 3 0 0 0 0 0 0 
1.008684631624688 0 0 0 0 0 0 3 0 0 0 0 0 
-0.014737671428458424 0 0 0 3 0 3 1 3 0 0 0 0 
0.014737671428458424 0 0 0 0 0 0 1 0 0 0 0 0 
0.025551962788744394 0 0 0 3 0 3 1 2 2 1 0 1 
-0.025551962788744394 0 0 0 3 0 3 2 2 1 1 0 1 
-0.0009023919840049252 0 0 0 3 0 3 1 2 0 0 0 2 
0.0009023919840049252 0 0 0 3 0 3 2 2 0 3 3 1 
-0.11671923645038006 0 0 0 3 0 3 3 3 0 0 0 0 
-0.007629887412390737 0 0 0 3 0 3 3 2 2 1 0 1 
-0.007629887412390737 0 0 0 0 0 0 0 1 1 1 0 1 
0.005924991455521821 0 0 0 3 0 3 3 2 0 0 0 2 
0.005924991455521821 0 0 0 0 0 0 0 1 0 3 3 1 
-0.1977416765950976 0 0 0 0 0 0 0 0 3 0 0 0 
-0.014603413147872125 0 0 0 0 0 0 0 0 1 1 0 3 
-0.014603413147872125 0 0 0 0 0 0 0 0 2 2 3 0 
-0.2296321755076854 0 0 0 0 0 0 0 0 0 0 3 0 
-0.22963217550768522 0 0 0 0 0 0 0 0 3 3 0 0 
-0.3920942235130869 0 0 0 0 0 0 0 0 0 3 3 3 
0.09662390797136343 3 3 3 3 0 0 0 0 0 0 0 0 
-0.0034992006210395124 1 3 0 0 0 0 1 0 0 0 0 0 
0.0034992006210395124 1 3 0 3 0 3 1 3 0 0 0 0 
0.0034992006210395124 1 0 0 0 0 0 1 0 0 0 0 0 
-0.0034992006210395124 1 0 0 3 0 3 1 3 0 0 0 0 
-0.028561314552734446 1 3 0 0 0 0 3 0 0 0 0 0 
0.028561314552734446 1 0 0 0 0 0 3 0 0 0 0 0 
-0.0016132591415619615 1 2 3 1 0 2 0 0 0 0 0 0 
0.0016132591415619615 2 2 3 1 3 1 0 0 0 0 0 0 
0.00038754414241833106 2 3 2 2 0 2 0 0 0 0 0 0 
0.0013575026653946782 1 0 1 2 0 2 0 0 0 0 0 0 
-0.0009699585229763473 1 0 2 2 3 1 0 0 0 0 0 0 
-0.0009699585229763473 1 3 1 2 0 2 0 0 0 0 0 0 
0.0013575026653946782 1 3 2 2 3 1 0 0 0 0 0 0 
-0.00038754414241833106 2 0 1 2 3 1 0 0 0 0 0 0 
-0.0030947952103991608 3 0 0 3 0 3 3 2 2 1 0 1 
-0.0030947952103991608 3 0 0 0 0 0 0 1 1 1 0 1 
0.00483049559831839 3 3 2 2 3 1 0 0 0 0 0 0 
-0.00483049559831839 3 3 1 2 0 2 0 0 0 0 0 0 
0.006642337886163876 0 1 0 2 0 2 0 0 0 0 0 0 
-0.006642337886163876 3 2 0 2 3 1 0 0 0 0 0 0 
-0.012111185067841583 1 1 0 2 0 2 3 0 0 0 0 0 
0.012111185067841583 2 1 0 2 3 1 3 0 0 0 0 0 
-0.0002506054265818188 0 2 2 0 0 0 0 0 0 0 0 0 
-0.0002506054265818188 3 1 1 0 0 0 0 0 0 0 0 0 
0.41459664579531535 3 0 0 0 0 0 3 0 0 0 0 0 
0.000884739315901223 1 3 0 0 3 3 0 0 0 0 0 0 
-0.000884739315901223 1 0 0 0 3 3 0 0 0 0 0 0 
0.08846656080112573 3 0 0 0 3 3 0 0 0 0 0 0 
0.003901275121500979 1 2 2 0 3 3 0 0 0 0 0 0 
-0.003901275121500979 2 2 1 0 3 3 0 0 0 0 0 0 
-0.0030018109780897183 1 3 0 0 3 0 0 0 0 0 0 0 
0.0030018109780897183 1 0 0 0 3 0 0 0 0 0 0 0 
0.09662390797136342 3 0 0 0 3 0 0 0 0 0 0 0 
-0.00300181097808972 1 0 3 3 0 0 0 0 0 0 0 0 
0.00300181097808972 1 3 3 3 0 0 0 0 0 0 0 0 
-0.0016132591415619604 1 1 0 2 3 2 0 0 0 0 0 0 
0.0016132591415619604 2 1 0 2 0 1 0 0 0 0 0 0 
0.034527497288259726 1 2 2 0 0 0 3 0 0 0 0 0 
-0.034527497288259726 2 2 1 0 0 0 3 0 0 0 0 0 
-0.0038019363893630653 1 1 1 3 0 0 0 0 0 0 0 0 
-0.0038019363893630653 2 1 2 3 0 0 0 0 0 0 0 0 
0.002454629375242107 1 1 0 1 2 2 1 2 0 3 2 1 
-0.002454629375242107 1 1 0 1 2 2 2 2 0 3 1 1 
-0.002454629375242107 2 1 0 1 1 2 1 2 0 3 2 1 
0.002454629375242107 2 1 0 1 1 2 2 2 0 3 1 1 
0.028561314552734446 3 0 0 0 0 0 1 0 0 0 0 0 
-0.028561314552734446 3 0 0 3 0 3 1 3 0 0 0 0 
-0.0029186023756292458 2 2 0 2 0 2 0 0 0 0 0 0 
-0.0029186023756292458 1 2 0 2 3 1 0 0 0 0 0 0 
-0.0021409054042035563 1 1 0 2 0 2 1 0 0 0 0 0 
-0.0021409054042035563 1 1 0 1 0 1 1 3 0 0 0 0 
0.0021409054042035563 2 1 0 2 3 1 1 0 0 0 0 0 
-0.0021409054042035563 2 1 0 1 3 2 1 3 0 0 0 0 
-0.0013974723618566994 1 1 3 2 0 2 0 0 0 0 0 0 
0.0013974723618566994 2 1 3 2 3 1 0 0 0 0 0 0 
0.012111185067841583 3 0 0 3 0 3 2 2 0 3 3 1 
-0.012111185067841583 3 0 0 3 0 3 1 2 0 0 0 2 
-0.0004571300381356611 1 1 0 1 0 1 2 2 1 1 0 1 
0.0004571300381356611 1 1 0 1 0 1 1 2 2 1 0 1 
-0.0004571300381356611 2 1 0 1 3 2 2 2 1 1 0 1 
0.0004571300381356611 2 1 0 1 3 2 1 2 2 1 0 1 
0.003801936389363063 1 2 2 0 3 0 0 0 0 0 0 0 
-0.003801936389363063 2 2 1 0 3 0 0 0 0 0 0 0 
0.0024546293752421076 1 1 0 0 0 3 2 2 3 1 0 1 
-0.0024546293752421076 1 1 0 0 0 3 1 2 0 2 0 1 
0.0024546293752421076 2 2 3 3 0 3 2 2 3 1 0 1 
-0.0024546293752421076 2 2 3 3 0 3 1 2 0 2 0 1 
-0.002890342581957851 1 3 3 0 0 0 0 0 0 0 0 0 
0.002890342581957851 1 0 3 0 0 0 0 0 0 0 0 0 
0.0032458265598733355 2 1 2 0 0 0 0 0 0 0 0 0 
0.0032458265598733355 1 1 1 0 0 0 0 0 0 0 0 0 
-0.0053973594584220885 1 2 2 3 0 3 2 2 1 1 0 1 
0.0053973594584220885 1 2 2 3 0 3 1 2 2 1 0 1 
0.0053973594584220885 2 2 1 3 0 3 2 2 1 1 0 1 
-0.0053973594584220885 2 2 1 3 0 3 1 2 2 1 0 1 
0.0028441897838173413 1 3 0 3 0 3 2 2 1 1 0 1 
-0.0028441897838173413 1 3 0 3 0 3 1 2 2 1 0 1 
-0.0028441897838173413 1 0 0 3 0 3 2 2 1 1 0 1 
0.0028441897838173413 1 0 0 3 0 3 1 2 2 1 0 1 
-0.034527497288259726 3 0 0 3 0 3 2 2 1 1 0 1 
0.034527497288259726 3 0 0 3 0 3 1 2 2 1 0 1 
0.0897962020236564 0 3 0 0 0 0 0 0 0 0 0 0 
0.0018831111024118414 1 1 0 1 2 2 3 2 0 3 2 1 
0.0018831111024118414 1 1 0 2 2 1 0 1 0 3 1 1 
-0.0018831111024118414 2 1 0 1 1 2 3 2 0 3 2 1 
-0.0018831111024118414 2 1 0 2 1 1 0 1 0 3 1 1 
0.0008753766254818809 1 3 0 0 0 0 0 1 1 1 0 1 
0.0008753766254818809 1 3 0 3 0 3 3 2 2 1 0 1 
-0.0008753766254818809 1 0 0 0 0 0 0 1 1 1 0 1 
-0.0008753766254818809 1 0 0 3 0 3 3 2 2 1 0 1 
0.0025624118572210525 1 1 0 2 2 1 0 0 1 2 2 0 
-0.0025624118572210525 1 1 0 2 2 1 0 0 2 2 1 0 
-0.0025624118572210525 2 1 0 2 1 1 0 0 1 2 2 0 
0.0025624118572210525 2 1 0 2 1 1 0 0 2 2 1 0 
0.09907853734660552 3 0 0 0 0 0 0 0 0 0 3 0 
5.164056944852683e-05 1 2 2 0 0 0 0 1 1 1 0 1 
5.164056944852683e-05 1 2 2 3 0 3 3 2 2 1 0 1 
-5.164056944852683e-05 2 2 1 0 0 0 0 1 1 1 0 1 
-5.164056944852683e-05 2 2 1 3 0 3 3 2 2 1 0 1 
-0.0003680464653966714 1 1 0 1 0 1 3 2 2 1 0 1 
0.0003680464653966714 1 1 0 2 0 2 0 1 1 1 0 1 
-0.0003680464653966714 2 1 0 1 3 2 3 2 2 1 0 1 
-0.0003680464653966714 2 1 0 2 3 1 0 1 1 1 0 1 
-0.001118699875677877 1 3 0 0 0 0 0 0 0 0 3 0 
0.001118699875677877 1 0 0 0 0 0 0 0 0 0 3 0 
0.0012395245321420102 1 2 2 0 0 0 0 0 0 0 3 0 
-0.0012395245321420102 2 2 1 0 0 0 0 0 0 0 3 0 
0.09895620295189725 3 0 0 0 0 0 0 0 3 0 0 0 
-0.0018831111024118416 1 1 0 3 0 0 0 1 3 1 0 1 
-0.0018831111024118416 1 1 0 0 0 3 3 2 0 2 0 1 
-0.0018831111024118416 2 2 3 0 0 0 0 1 3 1 0 1 
-0.0018831111024118416 2 2 3 3 0 3 3 2 0 2 0 1 
0.09329540264469591 3 0 0 3 0 3 3 3 0 0 0 0 
-0.0028387020125093245 1 3 0 0 0 0 0 0 3 0 0 0 
0.0028387020125093245 1 0 0 0 0 0 0 0 3 0 0 0 
-0.0004787885558648717 1 2 2 0 0 0 0 0 3 0 0 0 
0.0004787885558648717 2 2 1 0 0 0 0 0 3 0 0 0 
0.008783243290367433 3 0 0 0 0 0 0 1 0 3 3 1 
0.008783243290367433 3 0 0 3 0 3 3 2 0 0 0 2 
0.09355884349347515 3 0 3 0 0 0 0 0 0 0 0 0 
-0.0025102929583496665 1 1 0 2 0 2 0 0 3 0 0 0 
0.0025102929583496665 2 1 0 2 3 1 0 0 3 0 0 0 
-0.0013053172862471526 1 3 0 0 0 0 0 1 0 3 3 1 
-0.0013053172862471526 1 3 0 3 0 3 3 2 0 0 0 2 
0.0013053172862471526 1 0 0 0 0 0 0 1 0 3 3 1 
0.0013053172862471526 1 0 0 3 0 3 3 2 0 0 0 2 
-0.0025624118572210534 1 1 0 3 0 0 0 0 1 0 0 0 
0.0025624118572210534 1 1 0 3 0 0 0 0 1 3 0 0 
-0.0025624118572210534 2 2 3 0 0 0 0 0 1 0 0 0 
0.0025624118572210534 2 2 3 0 0 0 0 0 1 3 0 0 
-1.9497677021659593e-05 1 2 2 0 0 0 0 1 0 3 3 1 
-1.9497677021659593e-05 1 2 2 3 0 3 3 2 0 0 0 2 
1.9497677021659593e-05 2 2 1 0 0 0 0 1 0 3 3 1 
1.9497677021659593e-05 2 2 1 3 0 3 3 2 0 0 0 2 
5.965120461503843e-05 1 1 0 2 0 2 0 1 0 3 3 1 
-5.965120461503843e-05 1 1 0 1 0 1 3 2 0 0 0 2 
-5.965120461503843e-05 2 1 0 2 3 1 0 1 0 3 3 1 
-5.965120461503843e-05 2 1 0 1 3 2 3 2 0 0 0 2 
-0.0016132850893820934 1 1 0 1 0 1 3 3 0 0 0 0 
-0.0016132850893820934 2 1 0 1 3 2 3 3 0 0 0 0 
0.004373365560182729 3 0 0 0 0 0 0 0 2 2 3 0 
0.004373365560182729 3 0 0 0 0 0 0 0 1 1 0 3 
0.0016827067404271534 1 3 0 3 0 3 3 3 0 0 0 0 
-0.0016827067404271534 1 0 0 3 0 3 3 3 0 0 0 0 
-0.000989456199998007 1 3 0 0 0 0 0 0 2 2 3 0 
-0.000989456199998007 1 3 0 0 0 0 0 0 1 1 0 3 
0.000989456199998007 1 0 0 0 0 0 0 0 2 2 3 0 
0.000989456199998007 1 0 0 0 0 0 0 0 1 1 0 3 
-0.0011128205964929668 1 2 2 0 0 0 0 0 2 2 3 0 
-0.0011128205964929668 1 2 2 0 0 0 0 0 1 1 0 3 
0.0011128205964929668 2 2 1 0 0 0 0 0 2 2 3 0 
0.0011128205964929668 2 2 1 0 0 0 0 0 1 1 0 3 
-0.0010641192864213418 1 1 0 2 0 2 0 0 2 2 3 0 
-0.0010641192864213418 1 1 0 2 0 2 0 0 1 1 0 3 
0.0010641192864213418 2 1 0 2 3 1 0 0 2 2 3 0 
0.0010641192864213418 2 1 0 2 3 1 0 0 1 1 0 3 
0.0028441897838173418 1 2 2 0 0 0 1 0 0 0 0 0 
-0.0028441897838173418 1 2 2 3 0 3 1 3 0 0 0 0 
-0.0028441897838173418 2 2 1 0 0 0 1 0 0 0 0 0 
0.0028441897838173418 2 2 1 3 0 3 1 3 0 0 0 0 
0.004121203185355216 1 2 2 3 0 3 3 3 0 0 0 0 
-0.004121203185355216 2 2 1 3 0 3 3 3 0 0 0 0 
0.0004571300381356611 1 2 2 3 0 3 2 2 0 3 3 1 
-0.0004571300381356611 1 2 2 3 0 3 1 2 0 0 0 2 
-0.0004571300381356611 2 2 1 3 0 3 2 2 0 3 3 1 
0.0004571300381356611 2 2 1 3 0 3 1 2 0 0 0 2 
0.09907853734660553 3 0 0 0 0 0 0 0 3 3 0 0 
-0.0021409054042035563 1 3 0 3 0 3 2 2 0 3 3 1 
0.0021409054042035563 1 3 0 3 0 3 1 2 0 0 0 2 
0.0021409054042035563 1 0 0 3 0 3 2 2 0 3 3 1 
-0.0021409054042035563 1 0 0 3 0 3 1 2 0 0 0 2 
-0.0011186998756778782 1 3 0 0 0 0 0 0 3 3 0 0 
0.0011186998756778782 1 0 0 0 0 0 0 0 3 3 0 0 
0.001239524532142012 1 2 2 0 0 0 0 0 3 3 0 0 
-0.001239524532142012 2 2 1 0 0 0 0 0 3 3 0 0 
-9.819681952414893e-05 1 1 0 2 0 2 0 0 3 3 0 0 
9.819681952414893e-05 2 1 0 2 3 1 0 0 3 3 0 0 
0.00197702258691308 1 1 0 1 0 1 2 2 0 3 3 1 
-0.00197702258691308 1 1 0 1 0 1 1 2 0 0 0 2 
0.00197702258691308 2 1 0 1 3 2 2 2 0 3 3 1 
-0.00197702258691308 2 1 0 1 3 2 1 2 0 0 0 2 
0.0015150623220378126 1 1 0 3 0 0 0 0 0 1 3 0 
-0.0015150623220378126 1 1 0 3 0 0 0 0 3 1 0 3 
0.0015150623220378126 2 2 3 0 0 0 0 0 0 1 3 0 
-0.0015150623220378126 2 2 3 0 0 0 0 0 3 1 0 3 
-0.0015150623220378124 1 1 0 2 2 1 0 0 0 0 1 0 
0.0015150623220378124 1 1 0 2 2 1 0 0 0 3 1 3 
0.0015150623220378124 2 1 0 2 1 1 0 0 0 0 1 0 
-0.0015150623220378124 2 1 0 2 1 1 0 0 0 3 1 3 
-9.819681952414797e-05 1 1 0 2 0 2 0 0 0 0 3 0 
9.819681952414797e-05 2 1 0 2 3 1 0 0 0 0 3 0 
0.09044358338803882 3 0 0 0 0 0 0 0 0 3 3 3 
0.0009443905205162614 1 3 0 0 0 0 0 0 0 3 3 3 
-0.0009443905205162614 1 0 0 0 0 0 0 0 0 3 3 3 
0.002837155835079637 1 2 2 0 0 0 0 0 0 3 3 3 
-0.002837155835079637 2 2 1 0 0 0 0 0 0 3 3 3 
0.0006537716041952217 1 1 0 2 0 2 0 0 0 3 3 3 
-0.0006537716041952217 2 1 0 2 3 1 0 0 0 3 3 3 
0.05314338552358451 3 3 3 0 0 0 0 0 0 0 0 0 
0.0622585902352076 3 0 3 3 0 0 0 0 0 0 0 0 
0.004279159114551193 3 0 1 2 0 2 0 0 0 0 0 0 
-0.004279159114551193 3 0 2 2 3 1 0 0 0 0 0 0 
0.062258590235207585 3 3 0 0 3 0 0 0 0 0 0 0 
0.0830997191694639 3 3 0 0 3 3 0 0 0 0 0 0 
0.004964737901807236 3 1 3 2 0 2 0 0 0 0 0 0 
-0.004964737901807236 0 2 3 2 3 1 0 0 0 0 0 0 
-0.0035058782176764407 3 1 1 3 0 0 0 0 0 0 0 0 
-0.0035058782176764407 0 2 2 3 0 0 0 0 0 0 0 0 
0.0035058782176764394 3 2 2 0 3 0 0 0 0 0 0 0 
0.0035058782176764394 0 1 1 0 3 0 0 0 0 0 0 0 
0.0028233802322189926 3 2 2 0 3 3 0 0 0 0 0 0 
0.0028233802322189926 0 1 1 0 3 3 0 0 0 0 0 0 
-0.0014984719249231141 3 2 3 1 0 2 0 0 0 0 0 0 
-0.0014984719249231141 0 1 3 1 3 1 0 0 0 0 0 0 
-0.0014984719249231185 3 1 0 2 3 2 0 0 0 0 0 0 
0.0014984719249231185 0 2 0 2 0 1 0 0 0 0 0 0 
0.09329540264469591 3 3 0 0 0 0 3 0 0 0 0 0 
-0.0030947952103991603 3 2 2 0 0 0 3 0 0 0 0 0 
-0.0030947952103991603 0 1 1 0 0 0 3 0 0 0 0 0 
0.008783243290367433 3 1 0 2 0 2 3 0 0 0 0 0 
-0.008783243290367433 0 2 0 2 3 1 3 0 0 0 0 0 
-0.0016827067404271534 3 3 0 0 0 0 1 0 0 0 0 0 
0.0016827067404271534 3 3 0 3 0 3 1 3 0 0 0 0 
-0.0008753766254818809 3 2 2 0 0 0 1 0 0 0 0 0 
0.0008753766254818809 3 2 2 3 0 3 1 3 0 0 0 0 
-0.0008753766254818809 0 1 1 0 0 0 1 0 0 0 0 0 
0.0008753766254818809 0 1 1 3 0 3 1 3 0 0 0 0 
-0.004121203185355216 3 3 0 3 0 3 2 2 1 1 0 1 
0.004121203185355216 3 3 0 3 0 3 1 2 2 1 0 1 
0.0013053172862471526 3 1 0 2 0 2 1 0 0 0 0 0 
0.0013053172862471526 3 1 0 1 0 1 1 3 0 0 0 0 
-0.0013053172862471526 0 2 0 2 3 1 1 0 0 0 0 0 
0.0013053172862471526 0 2 0 1 3 2 1 3 0 0 0 0 
-5.164056944852684e-05 3 2 2 3 0 3 2 2 1 1 0 1 
5.164056944852684e-05 3 2 2 3 0 3 1 2 2 1 0 1 
-5.164056944852684e-05 0 1 1 3 0 3 2 2 1 1 0 1 
5.164056944852684e-05 0 1 1 3 0 3 1 2 2 1 0 1 
-0.0018831111024118414 3 1 0 1 2 2 2 2 0 3 1 1 
0.0018831111024118414 3 1 0 1 2 2 1 2 0 3 2 1 
0.0018831111024118414 0 2 0 1 1 2 2 2 0 3 1 1 
-0.0018831111024118414 0 2 0 1 1 2 1 2 0 3 2 1 
0.0018831111024118418 3 1 0 0 0 3 2 2 3 1 0 1 
-0.0018831111024118418 3 1 0 0 0 3 1 2 0 2 0 1 
-0.0018831111024118418 0 1 3 3 0 3 2 2 3 1 0 1 
0.0018831111024118418 0 1 3 3 0 3 1 2 0 2 0 1 
-1.9497677021659596e-05 3 1 0 1 0 1 2 2 1 1 0 1 
1.9497677021659596e-05 3 1 0 1 0 1 1 2 2 1 0 1 
-1.9497677021659596e-05 0 2 0 1 3 2 2 2 1 1 0 1 
1.9497677021659596e-05 0 2 0 1 3 2 1 2 2 1 0 1 
-0.0003680464653966714 3 2 2 3 0 3 2 2 0 3 3 1 
0.0003680464653966714 3 2 2 3 0 3 1 2 0 0 0 2 
-0.0003680464653966714 0 1 1 3 0 3 2 2 0 3 3 1 
0.0003680464653966714 0 1 1 3 0 3 1 2 0 0 0 2 
5.965120461503842e-05 3 1 0 1 0 1 2 2 0 3 3 1 
-5.965120461503842e-05 3 1 0 1 0 1 1 2 0 0 0 2 
5.965120461503842e-05 0 2 0 1 3 2 2 2 0 3 3 1 
-5.965120461503842e-05 0 2 0 1 3 2 1 2 0 0 0 2 
-0.0016132850893820934 3 3 0 3 0 3 2 2 0 3 3 1 
0.0016132850893820934 3 3 0 3 0 3 1 2 0 0 0 2 
0.12273197739721214 3 3 0 3 0 3 3 3 0 0 0 0 
0.01192799232087878 3 2 2 3 0 3 3 3 0 0 0 0 
0.01192799232087878 0 1 1 3 0 3 3 3 0 0 0 0 
0.032387109647238385 3 1 0 1 0 1 3 3 0 0 0 0 
0.032387109647238385 0 2 0 1 3 2 3 3 0 0 0 0 
0.011927992320878782 3 3 0 0 0 0 0 1 1 1 0 1 
0.011927992320878782 3 3 0 3 0 3 3 2 2 1 0 1 
0.0031408639762602907 3 2 2 0 0 0 0 1 1 1 0 1 
0.0031408639762602907 3 2 2 3 0 3 3 2 2 1 0 1 
0.0031408639762602907 0 1 1 0 0 0 0 1 1 1 0 1 
0.0031408639762602907 0 1 1 3 0 3 3 2 2 1 0 1 
0.005928068284139044 3 1 0 2 2 1 0 1 0 3 1 1 
0.005928068284139044 3 1 0 1 2 2 3 2 0 3 2 1 
-0.005928068284139044 0 2 0 2 1 1 0 1 0 3 1 1 
-0.005928068284139044 0 2 0 1 1 2 3 2 0 3 2 1 
-0.008500810651890118 3 1 0 2 0 2 0 1 1 1 0 1 
0.008500810651890118 3 1 0 1 0 1 3 2 2 1 0 1 
0.008500810651890118 0 2 0 2 3 1 0 1 1 1 0 1 
0.008500810651890118 0 2 0 1 3 2 3 2 2 1 0 1 
-0.0059280682841390455 3 1 0 3 0 0 0 1 3 1 0 1 
-0.0059280682841390455 3 1 0 0 0 3 3 2 0 2 0 1 
0.0059280682841390455 0 1 3 0 0 0 0 1 3 1 0 1 
0.0059280682841390455 0 1 3 3 0 3 3 2 0 2 0 1 
-0.032387109647238385 3 3 0 0 0 0 0 1 0 3 3 1 
-0.032387109647238385 3 3 0 3 0 3 3 2 0 0 0 2 
0.030847552894880254 3 1 0 2 0 2 0 1 0 3 3 1 
-0.030847552894880254 3 1 0 1 0 1 3 2 0 0 0 2 
-0.030847552894880254 0 2 0 2 3 1 0 1 0 3 3 1 
-0.030847552894880254 0 2 0 1 3 2 3 2 0 0 0 2 
-0.008500810651890118 3 2 2 0 0 0 0 1 0 3 3 1 
-0.008500810651890118 3 2 2 3 0 3 3 2 0 0 0 2 
-0.008500810651890118 0 1 1 0 0 0 0 1 0 3 3 1 
-0.008500810651890118 0 1 1 3 0 3 3 2 0 0 0 2 
0.0562842494998448 3 3 0 0 0 0 0 0 3 0 0 0 
-0.0016994465454551106 3 2 2 0 0 0 0 0 3 0 0 0 
-0.0016994465454551106 0 1 1 0 0 0 0 0 3 0 0 0 
0.0027416865475563285 3 1 0 2 0 2 0 0 3 0 0 0 
-0.0027416865475563285 0 2 0 2 3 1 0 0 3 0 0 0 
-0.004809305250088089 3 1 0 3 0 0 0 0 1 0 0 0 
0.004809305250088089 3 1 0 3 0 0 0 0 1 3 0 0 
0.004809305250088089 0 1 3 0 0 0 0 0 1 0 0 0 
-0.004809305250088089 0 1 3 0 0 0 0 0 1 3 0 0 
-0.004809305250088087 3 1 0 2 2 1 0 0 2 2 1 0 
0.004809305250088087 3 1 0 2 2 1 0 0 1 2 2 0 
0.004809305250088087 0 2 0 2 1 1 0 0 2 2 1 0 
-0.004809305250088087 0 2 0 2 1 1 0 0 1 2 2 0 
-0.01277996976644131 3 3 0 0 0 0 0 0 2 2 3 0 
-0.01277996976644131 3 3 0 0 0 0 0 0 1 1 0 3 
-0.002223051354250908 3 2 2 0 0 0 0 0 2 2 3 0 
-0.002223051354250908 3 2 2 0 0 0 0 0 1 1 0 3 
-0.002223051354250908 0 1 1 0 0 0 0 0 2 2 3 0 
-0.002223051354250908 0 1 1 0 0 0 0 0 1 1 0 3 
0.06818665851934665 3 3 0 0 0 0 0 0 3 3 0 0 
0.007860265958603323 3 1 0 2 0 2 0 0 2 2 3 0 
0.007860265958603323 3 1 0 2 0 2 0 0 1 1 0 3 
-0.007860265958603323 0 2 0 2 3 1 0 0 2 2 3 0 
-0.007860265958603323 0 2 0 2 3 1 0 0 1 1 0 3 
-0.0013034270324116478 3 2 2 0 0 0 0 0 3 3 0 0 
-0.0013034270324116478 0 1 1 0 0 0 0 0 3 3 0 0 
0.0033921757590276726 3 1 0 2 0 2 0 0 3 3 0 0 
-0.0033921757590276726 0 2 0 2 3 1 0 0 3 3 0 0 
0.004890647683950788 3 1 0 3 0 0 0 0 0 1 3 0 
-0.004890647683950788 3 1 0 3 0 0 0 0 3 1 0 3 
-0.004890647683950788 0 1 3 0 0 0 0 0 0 1 3 0 
0.004890647683950788 0 1 3 0 0 0 0 0 3 1 0 3 
0.06818665851934663 3 3 0 0 0 0 0 0 0 0 3 0 
-0.001303427032411648 3 2 2 0 0 0 0 0 0 0 3 0 
-0.001303427032411648 0 1 1 0 0 0 0 0 0 0 3 0 
0.0033921757590276687 3 1 0 2 0 2 0 0 0 0 3 0 
-0.0033921757590276687 0 2 0 2 3 1 0 0 0 0 3 0 
-0.004890647683950786 3 1 0 2 2 1 0 0 0 0 1 0 
0.004890647683950786 3 1 0 2 2 1 0 0 0 3 1 3 
0.004890647683950786 0 2 0 2 1 1 0 0 0 0 1 0 
-0.004890647683950786 0 2 0 2 1 1 0 0 0 3 1 3 
0.11394727206434416 3 3 0 0 0 0 0 0 0 3 3 3 
-0.034380351888768125 3 1 0 2 0 2 0 0 0 3 3 3 
0.034380351888768125 0 2 0 2 3 1 0 0 0 3 3 3 
0.010683646190822318 3 2 2 0 0 0 0 0 0 3 3 3 
0.010683646190822318 0 1 1 0 0 0 0 0 0 3 3 3 
0.060205611988056684 0 3 0 3 0 0 0 0 0 0 0 0 
0.060205611988056684 0 0 3 0 3 0 0 0 0 0 0 0 
0.053851455371320606 0 0 3 0 3 3 0 0 0 0 0 0 
-0.0039008546202556798 0 0 2 1 0 2 0 0 0 0 0 0 
-0.0039008546202556798 0 0 1 1 3 1 0 0 0 0 0 0 
-0.0039008546202556724 0 3 1 2 3 2 0 0 0 0 0 0 
0.0039008546202556724 0 3 2 2 0 1 0 0 0 0 0 0 
0.09895620295189725 0 0 3 0 0 0 3 0 0 0 0 0 
0.002838702012509324 0 0 3 0 0 0 1 0 0 0 0 0 
-0.002838702012509324 0 0 3 3 0 3 1 3 0 0 0 0 
-0.004373365560182729 0 3 1 2 0 2 3 0 0 0 0 0 
0.004373365560182729 0 3 2 2 3 1 3 0 0 0 0 0 
-0.000989456199998007 0 3 1 2 0 2 1 0 0 0 0 0 
-0.000989456199998007 0 3 1 1 0 1 1 3 0 0 0 0 
0.000989456199998007 0 3 2 2 3 1 1 0 0 0 0 0 
-0.000989456199998007 0 3 2 1 3 2 1 3 0 0 0 0 
0.00047878855586487167 0 0 3 3 0 3 2 2 1 1 0 1 
-0.00047878855586487167 0 0 3 3 0 3 1 2 2 1 0 1 
0.001112820596492967 0 3 1 1 0 1 2 2 1 1 0 1 
-0.001112820596492967 0 3 1 1 0 1 1 2 2 1 0 1 
0.001112820596492967 0 3 2 1 3 2 2 2 1 1 0 1 
-0.001112820596492967 0 3 2 1 3 2 1 2 2 1 0 1 
0.0025624118572210534 0 3 1 0 0 3 2 2 3 1 0 1 
-0.0025624118572210534 0 3 1 0 0 3 1 2 0 2 0 1 
-0.0025624118572210534 0 0 1 3 0 3 2 2 3 1 0 1 
0.0025624118572210534 0 0 1 3 0 3 1 2 0 2 0 1 
-0.0025624118572210525 0 3 1 1 2 2 2 2 0 3 1 1 
0.0025624118572210525 0 3 1 1 2 2 1 2 0 3 2 1 
0.0025624118572210525 0 3 2 1 1 2 2 2 0 3 1 1 
-0.0025624118572210525 0 3 2 1 1 2 1 2 0 3 2 1 
0.0025102929583496665 0 0 3 3 0 3 2 2 0 3 3 1 
-0.0025102929583496665 0 0 3 3 0 3 1 2 0 0 0 2 
0.0010641192864213418 0 3 1 1 0 1 2 2 0 3 3 1 
-0.0010641192864213418 0 3 1 1 0 1 1 2 0 0 0 2 
0.0010641192864213418 0 3 2 1 3 2 2 2 0 3 3 1 
-0.0010641192864213418 0 3 2 1 3 2 1 2 0 0 0 2 
-0.01277996976644131 0 3 1 1 0 1 3 3 0 0 0 0 
-0.01277996976644131 0 3 2 1 3 2 3 3 0 0 0 0 
0.0562842494998448 0 0 3 3 0 3 3 3 0 0 0 0 
-0.0016994465454551106 0 0 3 0 0 0 0 1 1 1 0 1 
-0.0016994465454551106 0 0 3 3 0 3 3 2 2 1 0 1 
0.002223051354250908 0 3 1 2 0 2 0 1 1 1 0 1 
-0.002223051354250908 0 3 1 1 0 1 3 2 2 1 0 1 
-0.002223051354250908 0 3 2 2 3 1 0 1 1 1 0 1 
-0.002223051354250908 0 3 2 1 3 2 3 2 2 1 0 1 
-0.004809305250088088 0 3 1 3 0 0 0 1 3 1 0 1 
-0.004809305250088088 0 3 1 0 0 3 3 2 0 2 0 1 
0.004809305250088088 0 0 1 0 0 0 0 1 3 1 0 1 
0.004809305250088088 0 0 1 3 0 3 3 2 0 2 0 1 
0.004809305250088088 0 3 1 2 2 1 0 1 0 3 1 1 
0.004809305250088088 0 3 1 1 2 2 3 2 0 3 2 1 
-0.004809305250088088 0 3 2 2 1 1 0 1 0 3 1 1 
-0.004809305250088088 0 3 2 1 1 2 3 2 0 3 2 1 
0.0027416865475563285 0 0 3 0 0 0 0 1 0 3 3 1 
0.0027416865475563285 0 0 3 3 0 3 3 2 0 0 0 2 
-0.007860265958603325 0 3 1 2 0 2 0 1 0 3 3 1 
0.007860265958603325 0 3 1 1 0 1 3 2 0 0 0 2 
0.007860265958603325 0 3 2 2 3 1 0 1 0 3 3 1 
0.007860265958603325 0 3 2 1 3 2 3 2 0 0 0 2 
0.08459992191553294 0 0 3 0 0 0 0 0 3 0 0 0 
-0.010323042655882355 0 3 1 3 0 0 0 0 1 0 0 0 
0.010323042655882355 0 3 1 3 0 0 0 0 1 3 0 0 
0.010323042655882355 0 0 1 0 0 0 0 0 1 0 0 0 
-0.010323042655882355 0 0 1 0 0 0 0 0 1 3 0 0 
-0.00900239539093485 0 3 1 2 0 2 0 0 3 0 0 0 
0.00900239539093485 0 3 2 2 3 1 0 0 3 0 0 0 
-0.010323042655882351 0 3 1 2 2 1 0 0 2 2 1 0 
0.010323042655882351 0 3 1 2 2 1 0 0 1 2 2 0 
0.010323042655882351 0 3 2 2 1 1 0 0 2 2 1 0 
-0.010323042655882351 0 3 2 2 1 1 0 0 1 2 2 0 
0.00900239539093485 0 0 3 0 0 0 0 0 2 2 3 0 
0.00900239539093485 0 0 3 0 0 0 0 0 1 1 0 3 
-0.006587793599063013 0 3 1 2 0 2 0 0 2 2 3 0 
-0.006587793599063013 0 3 1 2 0 2 0 0 1 1 0 3 
0.006587793599063013 0 3 2 2 3 1 0 0 2 2 3 0 
0.006587793599063013 0 3 2 2 3 1 0 0 1 1 0 3 
0.07052865464393904 0 0 3 0 0 0 0 0 3 3 0 0 
-0.0004487973796895447 0 3 1 2 0 2 0 0 3 3 0 0 
0.0004487973796895447 0 3 2 2 3 1 0 0 3 3 0 0 
0.0034520572405661344 0 3 1 3 0 0 0 0 0 1 3 0 
-0.0034520572405661344 0 3 1 3 0 0 0 0 3 1 0 3 
-0.0034520572405661344 0 0 1 0 0 0 0 0 0 1 3 0 
0.0034520572405661344 0 0 1 0 0 0 0 0 3 1 0 3 
0.07052865464393904 0 0 3 0 0 0 0 0 0 0 3 0 
-0.00044879737968953927 0 3 1 2 0 2 0 0 0 0 3 0 
0.00044879737968953927 0 3 2 2 3 1 0 0 0 0 3 0 
-0.003452057240566133 0 3 1 2 2 1 0 0 0 0 1 0 
0.003452057240566133 0 3 1 2 2 1 0 0 0 3 1 3 
0.003452057240566133 0 3 2 2 1 1 0 0 0 0 1 0 
-0.003452057240566133 0 3 2 2 1 1 0 0 0 3 1 3 
0.06043924897038362 0 0 3 0 0 0 0 0 0 3 3 3 
0.01095355270782469 0 3 1 2 0 2 0 0 0 3 3 3 
-0.01095355270782469 0 3 2 2 3 1 0 0 0 3 3 3 
0.06558452315458399 0 3 3 3 3 0 0 0 0 0 0 0 
0.062290586462752776 0 3 3 3 3 3 0 0 0 0 0 0 
0.0011186998756778782 0 3 3 3 0 0 1 0 0 0 0 0 
-0.0011186998756778782 0 3 3 0 0 3 1 3 0 0 0 0 
0.09907853734660553 0 3 3 3 0 0 3 0 0 0 0 0 
-0.001239524532142012 0 3 3 0 0 3 2 2 1 1 0 1 
0.001239524532142012 0 3 3 0 0 3 1 2 2 1 0 1 
-0.0015150623220378124 0 3 3 1 0 1 2 2 3 1 0 1 
0.0015150623220378124 0 3 3 1 0 1 1 2 0 2 0 1 
-0.0015150623220378124 0 0 0 2 3 2 2 2 3 1 0 1 
0.0015150623220378124 0 0 0 2 3 2 1 2 0 2 0 1 
9.819681952414893e-05 0 3 3 0 0 3 2 2 0 3 3 1 
-9.819681952414893e-05 0 3 3 0 0 3 1 2 0 0 0 2 
0.06818665851934665 0 3 3 0 0 3 3 3 0 0 0 0 
-0.0013034270324116478 0 3 3 3 0 0 0 1 1 1 0 1 
-0.0013034270324116478 0 3 3 0 0 3 3 2 2 1 0 1 
-0.004890647683950787 0 3 3 2 0 2 0 1 3 1 0 1 
0.004890647683950787 0 3 3 1 0 1 3 2 0 2 0 1 
-0.004890647683950787 0 0 0 1 3 1 0 1 3 1 0 1 
0.004890647683950787 0 0 0 2 3 2 3 2 0 2 0 1 
0.003392175759027673 0 3 3 3 0 0 0 1 0 3 3 1 
0.003392175759027673 0 3 3 0 0 3 3 2 0 0 0 2 
0.07052865464393904 0 3 3 3 0 0 0 0 3 0 0 0 
0.0004487973796895447 0 3 3 3 0 0 0 0 2 2 3 0 
0.0004487973796895447 0 3 3 3 0 0 0 0 1 1 0 3 
-0.0034520572405661344 0 3 3 2 0 2 0 0 1 0 0 0 
0.0034520572405661344 0 3 3 2 0 2 0 0 1 3 0 0 
-0.0034520572405661344 0 0 0 1 3 1 0 0 1 0 0 0 
0.0034520572405661344 0 0 0 1 3 1 0 0 1 3 0 0 
0.07823637778985215 0 3 3 3 0 0 0 0 3 3 0 0 
0.004217284878422706 0 3 3 2 2 1 0 0 0 1 1 0 
0.004217284878422706 0 3 3 2 2 1 0 0 3 2 2 0 
0.004217284878422706 0 0 0 1 1 1 0 0 0 1 1 0 
0.004217284878422706 0 0 0 1 1 1 0 0 3 2 2 0 
0.0698018080330067 0 3 3 3 0 0 0 0 0 0 3 0 
0.0049031384626654385 0 3 3 2 0 2 0 0 0 1 3 0 
-0.0049031384626654385 0 3 3 2 0 2 0 0 3 1 0 3 
0.0049031384626654385 0 0 0 1 3 1 0 0 0 1 3 0 
-0.0049031384626654385 0 0 0 1 3 1 0 0 3 1 0 3 
0.06719372492541821 0 3 3 3 0 0 0 0 0 3 3 3 
0.06229058646275279 0 0 0 0 0 3 0 0 0 0 0 0 
0.09907853734660552 0 0 0 0 3 0 3 0 0 0 0 0 
0.001118699875677877 0 0 0 0 3 0 1 0 0 0 0 0 
-0.001118699875677877 0 0 0 3 3 3 1 3 0 0 0 0 
-0.0012395245321420102 0 0 0 3 3 3 2 2 1 1 0 1 
0.0012395245321420102 0 0 0 3 3 3 1 2 2 1 0 1 
-0.0015150623220378122 0 0 0 3 1 0 2 2 0 3 1 1 
0.0015150623220378122 0 0 0 3 1 0 1 2 0 3 2 1 
0.0015150623220378122 0 0 0 3 1 3 2 2 0 3 1 1 
-0.0015150623220378122 0 0 0 3 1 3 1 2 0 3 2 1 
9.819681952414797e-05 0 0 0 3 3 3 2 2 0 3 3 1 
-9.819681952414797e-05 0 0 0 3 3 3 1 2 0 0 0 2 
0.06818665851934663 0 0 0 3 3 3 3 3 0 0 0 0 
-0.0013034270324116478 0 0 0 0 3 0 0 1 1 1 0 1 
-0.0013034270324116478 0 0 0 3 3 3 3 2 2 1 0 1 
0.0033921757590276687 0 0 0 0 3 0 0 1 0 3 3 1 
0.0033921757590276687 0 0 0 3 3 3 3 2 0 0 0 2 
0.07052865464393904 0 0 0 0 3 0 0 0 3 0 0 0 
0.004890647683950786 0 0 0 0 1 3 0 1 0 3 1 1 
0.004890647683950786 0 0 0 3 1 0 3 2 0 3 2 1 
-0.004890647683950786 0 0 0 0 1 0 0 1 0 3 1 1 
-0.004890647683950786 0 0 0 3 1 3 3 2 0 3 2 1 
-0.0034520572405661335 0 0 0 0 1 3 0 0 2 2 1 0 
0.0034520572405661335 0 0 0 0 1 3 0 0 1 2 2 0 
0.0034520572405661335 0 0 0 0 1 0 0 0 2 2 1 0 
-0.0034520572405661335 0 0 0 0 1 0 0 0 1 2 2 0 
0.0004487973796895392 0 0 0 0 3 0 0 0 2 2 3 0 
0.0004487973796895392 0 0 0 0 3 0 0 0 1 1 0 3 
0.0698018080330067 0 0 0 0 3 0 0 0 3 3 0 0 
0.07823637778985214 0 0 0 0 3 0 0 0 0 0 3 0 
-0.004903138462665437 0 0 0 0 1 3 0 0 0 0 1 0 
0.004903138462665437 0 0 0 0 1 3 0 0 0 3 1 3 
0.004903138462665437 0 0 0 0 1 0 0 0 0 0 1 0 
-0.004903138462665437 0 0 0 0 1 0 0 0 0 3 1 3 
0.06719372492541822 0 0 0 0 3 0 0 0 0 3 3 3 
0.09044358338803882 0 0 0 0 3 3 3 0 0 0 0 0 
-0.0009443905205162613 0 0 0 0 3 3 1 0 0 0 0 0 
0.0009443905205162613 0 0 0 3 3 0 1 3 0 0 0 0 
-0.002837155835079637 0 0 0 3 3 0 2 2 1 1 0 1 
0.002837155835079637 0 0 0 3 3 0 1 2 2 1 0 1 
-0.0006537716041952217 0 0 0 3 3 0 2 2 0 3 3 1 
0.0006537716041952217 0 0 0 3 3 0 1 2 0 0 0 2 
0.11394727206434416 0 0 0 3 3 0 3 3 0 0 0 0 
0.010683646190822316 0 0 0 0 3 3 0 1 1 1 0 1 
0.010683646190822316 0 0 0 3 3 0 3 2 2 1 0 1 
-0.03438035188876813 0 0 0 0 3 3 0 1 0 3 3 1 
-0.03438035188876813 0 0 0 3 3 0 3 2 0 0 0 2 
0.06043924897038362 0 0 0 0 3 3 0 0 3 0 0 0 
-0.01095355270782469 0 0 0 0 3 3 0 0 2 2 3 0 
-0.01095355270782469 0 0 0 0 3 3 0 0 1 1 0 3 
0.06719372492541821 0 0 0 0 3 3 0 0 3 3 0 0 
0.06719372492541822 0 0 0 0 3 3 0 0 0 0 3 0 
0.11383952343917786 0 0 0 0 3 3 0 0 0 3 3 3 
0.0897962020236564 0 0 0 3 0 3 0 3 0 0 0 0 
0.006642337886163876 0 0 0 3 0 3 0 2 0 0 0 2 
0.006642337886163876 0 0 0 0 0 0 3 1 0 3 3 1 
-0.0002506054265818188 0 0 0 3 0 3 0 2 2 1 0 1 
-0.0002506054265818188 0 0 0 0 0 0 3 1 1 1 0 1 
0.09355884349347515 0 0 0 0 0 0 3 0 3 0 0 0 
0.00483049559831839 0 0 0 0 0 0 3 0 1 1 0 3 
0.00483049559831839 0 0 0 0 0 0 3 0 2 2 3 0 
0.09662390797136343 0 0 0 0 0 0 3 0 3 3 0 0 
0.09662390797136342 0 0 0 0 0 0 3 0 0 0 3 0 
0.08846656080112573 0 0 0 0 0 0 3 0 0 3 3 3 
0.0029186023756292458 0 0 0 0 0 0 2 1 0 0 0 2 
0.0029186023756292458 0 0 0 0 0 0 1 1 0 3 3 1 
0.0032458265598733355 0 0 0 0 0 0 2 1 2 1 0 1 
0.0032458265598733355 0 0 0 0 0 0 1 1 1 1 0 1 
-0.00300181097808972 0 0 0 3 0 3 1 3 3 3 0 0 
0.00300181097808972 0 0 0 0 0 0 1 0 3 3 0 0 
-0.0013575026653946782 0 0 0 3 0 3 1 3 1 1 0 3 
-0.0009699585229763473 0 0 0 3 0 3 1 3 2 2 3 0 
-0.00038754414241833106 0 0 0 0 0 0 2 0 2 1 0 3 
-0.00038754414241833106 0 0 0 3 0 3 2 3 1 2 3 0 
0.0009699585229763473 0 0 0 0 0 0 1 0 1 1 0 3 
0.0013575026653946782 0 0 0 0 0 0 1 0 2 2 3 0 
-0.002890342581957851 0 0 0 3 0 3 1 3 3 0 0 0 
0.002890342581957851 0 0 0 0 0 0 1 0 3 0 0 0 
-0.0030018109780897183 0 0 0 3 0 3 1 3 0 0 3 0 
0.0030018109780897183 0 0 0 0 0 0 1 0 0 0 3 0 
0.000884739315901223 0 0 0 3 0 3 1 3 0 3 3 3 
-0.000884739315901223 0 0 0 0 0 0 1 0 0 3 3 3 
-0.0013974723618566994 0 0 0 3 0 3 1 2 3 0 0 2 
0.0013974723618566994 0 0 0 3 0 3 2 2 3 3 3 1 
0.0038019363893630653 0 0 0 3 0 3 1 2 1 2 0 1 
0.0038019363893630653 0 0 0 3 0 3 2 2 2 2 0 1 
0.003801936389363063 0 0 0 3 0 3 1 2 2 1 3 1 
-0.003801936389363063 0 0 0 3 0 3 2 2 1 1 3 1 
-0.003901275121500979 0 0 0 3 0 3 1 2 2 2 3 2 
0.003901275121500979 0 0 0 3 0 3 2 2 1 2 3 2 
-0.0016132591415619615 0 0 0 3 0 3 1 2 3 3 0 2 
0.0016132591415619615 0 0 0 3 0 3 2 2 3 0 3 1 
-0.0016132591415619604 0 0 0 3 0 3 1 2 0 0 3 2 
0.0016132591415619604 0 0 0 3 0 3 2 2 0 3 0 1 
0.05314338552358451 0 0 0 3 0 3 3 3 3 0 0 0 
0.0622585902352076 0 0 0 3 0 3 3 3 3 3 0 0 
0.062258590235207585 0 0 0 3 0 3 3 3 0 0 3 0 
-0.004279159114551193 0 0 0 3 0 3 3 3 1 1 0 3 
-0.004279159114551193 0 0 0 3 0 3 3 3 2 2 3 0 
0.0830997191694639 0 0 0 3 0 3 3 3 0 3 3 3 
0.0035058782176764407 0 0 0 3 0 3 3 2 1 2 0 1 
-0.0035058782176764407 0 0 0 0 0 0 0 1 2 2 0 1 
0.004964737901807236 0 0 0 3 0 3 3 2 3 0 0 2 
0.004964737901807236 0 0 0 0 0 0 0 1 3 3 3 1 
0.0035058782176764394 0 0 0 3 0 3 3 2 2 1 3 1 
0.0035058782176764394 0 0 0 0 0 0 0 1 1 1 3 1 
-0.0028233802322189926 0 0 0 3 0 3 3 2 2 2 3 2 
-0.0028233802322189926 0 0 0 0 0 0 0 1 1 2 3 2 
-0.0014984719249231141 0 0 0 3 0 3 3 2 3 3 0 2 
-0.0014984719249231141 0 0 0 0 0 0 0 1 3 0 3 1 
-0.0014984719249231185 0 0 0 3 0 3 3 2 0 0 3 2 
-0.0014984719249231185 0 0 0 0 0 0 0 1 0 3 0 1 
0.060205611988056684 0 0 0 0 0 0 0 0 0 3 0 0 
0.060205611988056684 0 0 0 0 0 0 0 0 3 0 3 0 
0.053851455371320606 0 0 0 0 0 0 0 0 3 3 3 3 
-0.0039008546202556798 0 0 0 0 0 0 0 0 2 2 0 3 
-0.0039008546202556798 0 0 0 0 0 0 0 0 1 1 3 0 
0.0039008546202556724 0 0 0 0 0 0 0 0 1 1 3 3 
0.0039008546202556724 0 0 0 0 0 0 0 0 2 2 0 0 
0.06558452315458399 0 0 0 0 0 0 0 0 3 3 3 0 
0.062290586462752776 0 0 0 0 0 0 0 0 3 0 3 3 
0.06229058646275279 0 0 0 0 0 0 0 0 0 3 0 3 
