0.0009023919840046625 1 1 1 1 1 3 0 0 0 0 0 0 
0.0009023919840046625 2 1 1 1 2 0 0 0 0 0 0 0 
-0.02555196278874628 1 1 3 0 0 0 0 0 0 0 0 0 
-0.02555196278874628 2 2 0 0 0 0 0 0 0 0 0 0 
0.014737671428456535 1 0 0 0 0 0 0 0 0 0 0 0 
-0.014737671428456535 1 3 0 0 0 0 0 0 0 0 0 0 
-5.144773114778051 0 0 0 0 0 0 0 0 0 0 0 0 
-0.1167192364503812 3 3 0 0 0 0 0 0 0 0 0 0 
1.0086846316246887 3 0 0 0 0 0 0 0 0 0 0 0 
0.007629887412396818 3 1 3 0 0 0 0 0 0 0 0 0 
-0.007629887412396818 0 1 0 0 0 0 0 0 0 0 0 0 
-0.005924991455518412 3 1 1 1 1 3 0 0 0 0 0 0 
-0.005924991455518412 0 2 1 1 2 0 0 0 0 0 0 0 
-0.19774167659509678 0 3 3 0 0 0 0 0 0 0 0 0 
-0.014603413147874847 0 3 1 1 1 3 0 0 0 0 0 0 
-0.014603413147874847 0 0 2 1 2 0 0 0 0 0 0 0 
-0.2296321755076851 0 0 3 3 0 0 0 0 0 0 0 0 
-0.2296321755076851 0 0 0 3 3 0 0 0 0 0 0 0 
-0.3920942235130864 0 0 0 0 3 3 0 0 0 0 0 0 
-0.025551962788746257 0 0 0 0 0 3 1 1 3 0 0 0 
-0.025551962788746257 0 0 0 0 0 0 2 2 0 0 0 0 
-0.01473767142845653 0 0 0 0 0 3 1 3 0 0 0 0 
0.01473767142845653 0 0 0 0 0 0 1 0 0 0 0 0 
1.0086846316246887 0 0 0 0 0 3 3 0 0 0 0 0 
0.000902391984004661 0 0 0 0 0 3 1 1 1 1 1 3 
0.000902391984004661 0 0 0 0 0 0 2 1 1 1 2 0 
-0.11671923645038101 0 0 0 0 0 0 3 3 0 0 0 0 
0.0076298874123968165 0 0 0 0 0 0 3 1 3 0 0 0 
-0.0076298874123968165 0 0 0 0 0 0 0 1 0 0 0 0 
-0.005924991455518417 0 0 0 0 0 0 3 1 1 1 1 3 
-0.005924991455518417 0 0 0 0 0 0 0 2 1 1 2 0 
-0.1977416765950968 0 0 0 0 0 0 0 3 3 0 0 0 
-0.2296321755076852 0 0 0 0 0 0 0 0 3 3 0 0 
-0.014603413147874847 0 0 0 0 0 0 0 3 1 1 1 3 
-0.014603413147874847 0 0 0 0 0 0 0 0 2 1 2 0 
-0.22963217550768522 0 0 0 0 0 0 0 0 0 3 3 0 
-0.39209422351308637 0 0 0 0 0 0 0 0 0 0 3 3 
0.000250605426581408 0 1 3 0 0 0 0 0 0 0 0 0 
-0.000250605426581408 3 1 0 0 0 0 0 0 0 0 0 0 
-0.0013575026653943113 1 0 1 1 1 3 0 0 0 0 0 0 
-0.0009699585229763087 1 3 2 1 2 0 0 0 0 0 0 0 
-0.0003875441424180022 2 0 2 1 1 3 0 0 0 0 0 0 
-0.0003875441424180022 2 0 1 1 2 0 0 0 0 0 0 0 
0.0009699585229763087 1 3 1 1 1 3 0 0 0 0 0 0 
0.0013575026653943113 1 0 2 1 2 0 0 0 0 0 0 0 
0.0897962020236565 0 3 0 0 0 0 0 0 0 0 0 0 
0.004830495598317817 3 3 1 1 1 3 0 0 0 0 0 0 
0.004830495598317817 3 0 2 1 2 0 0 0 0 0 0 0 
-0.006642337886164204 3 2 1 1 2 0 0 0 0 0 0 0 
-0.006642337886164204 0 1 1 1 1 3 0 0 0 0 0 0 
0.09662390797136347 3 0 0 3 3 0 0 0 0 0 0 0 
0.09907853734660559 3 0 0 0 0 0 0 0 3 3 0 0 
0.0018831111024116666 1 1 1 3 0 0 3 1 1 3 0 0 
0.0018831111024116666 1 1 1 3 0 0 0 2 2 0 0 0 
0.0018831111024116666 2 1 2 0 0 0 3 1 1 3 0 0 
0.0018831111024116666 2 1 2 0 0 0 0 2 2 0 0 0 
0.0032458265598736217 2 2 3 0 0 0 0 0 0 0 0 0 
0.0032458265598736217 1 1 0 0 0 0 0 0 0 0 0 0 
0.0935588434934753 3 3 3 0 0 0 0 0 0 0 0 0 
0.0008847393159015742 1 3 0 0 3 3 0 0 0 0 0 0 
-0.0008847393159015742 1 0 0 0 3 3 0 0 0 0 0 0 
0.0029186023756293316 2 2 1 1 1 3 0 0 0 0 0 0 
-0.0029186023756293316 1 2 1 1 2 0 0 0 0 0 0 0 
-0.003001810978089441 1 3 0 3 3 0 0 0 0 0 0 0 
0.003001810978089441 1 0 0 3 3 0 0 0 0 0 0 0 
-0.0011186998756777741 1 3 0 0 0 0 0 0 3 3 0 0 
0.0011186998756777741 1 0 0 0 0 0 0 0 3 3 0 0 
-0.003001810978089441 1 3 3 3 0 0 0 0 0 0 0 0 
0.003001810978089441 1 0 3 3 0 0 0 0 0 0 0 0 
-0.002890342581957639 1 0 3 0 0 0 0 0 0 0 0 0 
0.002890342581957639 1 3 3 0 0 0 0 0 0 0 0 0 
0.09662390797136347 3 0 3 3 0 0 0 0 0 0 0 0 
-0.003801936389363303 1 1 0 3 0 0 0 0 0 0 0 0 
-0.003801936389363303 2 2 3 3 0 0 0 0 0 0 0 0 
-1.949767702165807e-05 1 1 3 0 0 0 0 2 1 1 2 0 
-1.949767702165807e-05 1 1 3 0 0 0 3 1 1 1 1 3 
-1.949767702165807e-05 2 2 0 0 0 0 0 2 1 1 2 0 
-1.949767702165807e-05 2 2 0 0 0 0 3 1 1 1 1 3 
0.06225859023520808 3 3 0 3 3 0 0 0 0 0 0 0 
0.08846656080112549 3 0 0 0 3 3 0 0 0 0 0 0 
0.06225859023520808 3 3 3 3 0 0 0 0 0 0 0 0 
-0.001239524532142123 1 1 3 0 0 0 0 0 3 3 0 0 
-0.001239524532142123 2 2 0 0 0 0 0 0 3 3 0 0 
0.00256241185722118 1 1 1 3 0 0 0 3 1 3 0 0 
-0.00256241185722118 1 1 1 3 0 0 0 0 1 0 0 0 
0.00256241185722118 2 1 2 0 0 0 0 3 1 3 0 0 
-0.00256241185722118 2 1 2 0 0 0 0 0 1 0 0 0 
9.819681952414423e-05 1 1 1 1 1 3 0 0 3 3 0 0 
9.819681952414423e-05 2 1 1 1 2 0 0 0 3 3 0 0 
0.004373365560181986 3 0 0 0 0 0 0 3 1 1 1 3 
0.004373365560181986 3 0 0 0 0 0 0 0 2 1 2 0 
-0.0015150623220378282 1 1 1 3 0 0 0 0 0 2 2 0 
-0.0015150623220378282 1 1 1 3 0 0 0 0 3 1 1 3 
-0.0015150623220378282 2 1 2 0 0 0 0 0 0 2 2 0 
-0.0015150623220378282 2 1 2 0 0 0 0 0 3 1 1 3 
5.965120461497374e-05 1 1 1 1 1 3 0 2 1 1 2 0 
5.965120461497374e-05 1 1 1 1 1 3 3 1 1 1 1 3 
5.965120461497374e-05 2 1 1 1 2 0 0 2 1 1 2 0 
5.965120461497374e-05 2 1 1 1 2 0 3 1 1 1 1 3 
0.002454629375242111 1 1 1 3 0 3 1 1 1 3 0 0 
0.002454629375242111 1 1 1 3 0 0 2 1 2 0 0 0 
0.002454629375242111 2 1 2 0 0 3 1 1 1 3 0 0 
0.002454629375242111 2 1 2 0 0 0 2 1 2 0 0 0 
0.00256241185722118 1 1 1 1 3 0 0 3 1 1 3 0 
0.00256241185722118 1 1 1 1 3 0 0 0 2 2 0 0 
0.00256241185722118 2 1 1 2 0 0 0 3 1 1 3 0 
0.00256241185722118 2 1 1 2 0 0 0 0 2 2 0 0 
0.0010641192864212856 1 1 1 1 1 3 0 0 2 1 2 0 
0.0010641192864212856 1 1 1 1 1 3 0 3 1 1 1 3 
0.0010641192864212856 2 1 1 1 2 0 0 0 2 1 2 0 
0.0010641192864212856 2 1 1 1 2 0 0 3 1 1 1 3 
0.002454629375242111 1 1 1 1 3 3 1 1 1 1 3 0 
0.002454629375242111 1 1 1 1 3 0 2 1 1 2 0 0 
0.002454629375242111 2 1 1 2 0 3 1 1 1 1 3 0 
0.002454629375242111 2 1 1 2 0 0 2 1 1 2 0 0 
0.09329540264469563 3 0 0 0 0 0 3 3 0 0 0 0 
-0.0009894561999979669 1 3 0 0 0 0 0 3 1 1 1 3 
-0.0009894561999979669 1 3 0 0 0 0 0 0 2 1 2 0 
0.0009894561999979669 1 0 0 0 0 0 0 3 1 1 1 3 
0.0009894561999979669 1 0 0 0 0 0 0 0 2 1 2 0 
0.0016827067404276066 1 3 0 0 0 0 3 3 0 0 0 0 
-0.0016827067404276066 1 0 0 0 0 0 3 3 0 0 0 0 
-0.0013974723618568375 1 2 2 1 1 3 0 0 0 0 0 0 
-0.0013974723618568375 2 2 2 1 2 0 0 0 0 0 0 0 
0.0053973594584225465 1 1 3 0 0 3 1 1 3 0 0 0 
0.0053973594584225465 1 1 3 0 0 0 2 2 0 0 0 0 
0.0053973594584225465 2 2 0 0 0 3 1 1 3 0 0 0 
0.0053973594584225465 2 2 0 0 0 0 2 2 0 0 0 0 
0.41459664579531563 3 0 0 0 0 3 3 0 0 0 0 0 
0.0028441897838171956 1 3 0 0 0 3 1 1 3 0 0 0 
0.0028441897838171956 1 3 0 0 0 0 2 2 0 0 0 0 
-0.0028441897838171956 1 0 0 0 0 3 1 1 3 0 0 0 
-0.0028441897838171956 1 0 0 0 0 0 2 2 0 0 0 0 
-0.0041212031853551535 1 1 3 0 0 0 3 3 0 0 0 0 
-0.0041212031853551535 2 2 0 0 0 0 3 3 0 0 0 0 
-0.0016132591415619723 1 1 1 2 2 3 0 0 0 0 0 0 
0.0016132591415619723 2 1 1 2 1 0 0 0 0 0 0 0 
-0.004279159114551223 3 3 2 1 2 0 0 0 0 0 0 0 
-0.004279159114551223 3 0 1 1 1 3 0 0 0 0 0 0 
-0.02856131455273198 1 3 0 0 0 3 3 0 0 0 0 0 
0.02856131455273198 1 0 0 0 0 3 3 0 0 0 0 0 
-0.0016132850893820785 1 1 1 1 1 3 3 3 0 0 0 0 
-0.0016132850893820785 2 1 1 1 2 0 3 3 0 0 0 0 
0.08309971916946442 3 3 0 0 3 3 0 0 0 0 0 0 
-0.0011186998756777741 1 3 0 0 0 0 0 0 0 3 3 0 
0.0011186998756777741 1 0 0 0 0 0 0 0 0 3 3 0 
-0.03452749728826193 1 1 3 0 0 3 3 0 0 0 0 0 
-0.03452749728826193 2 2 0 0 0 3 3 0 0 0 0 0 
-0.003094795210398604 3 0 0 0 0 0 0 1 0 0 0 0 
0.003094795210398604 3 0 0 0 0 0 3 1 3 0 0 0 
0.012111185067841646 1 1 1 1 1 0 3 0 0 0 0 0 
0.012111185067841646 2 1 1 1 2 3 3 0 0 0 0 0 
0.0008753766254815324 1 3 0 0 0 0 0 1 0 0 0 0 
-0.0008753766254815324 1 3 0 0 0 0 3 1 3 0 0 0 
-0.0008753766254815324 1 0 0 0 0 0 0 1 0 0 0 0 
0.0008753766254815324 1 0 0 0 0 0 3 1 3 0 0 0 
0.02856131455273198 3 0 0 0 0 0 1 0 0 0 0 0 
-0.02856131455273198 3 0 0 0 0 3 1 3 0 0 0 0 
-5.164056944811167e-05 1 1 3 0 0 0 0 1 0 0 0 0 
5.164056944811167e-05 1 1 3 0 0 0 3 1 3 0 0 0 
-5.164056944811167e-05 2 2 0 0 0 0 0 1 0 0 0 0 
5.164056944811167e-05 2 2 0 0 0 0 3 1 3 0 0 0 
-0.001239524532142123 1 1 3 0 0 0 0 0 0 3 3 0 
-0.001239524532142123 2 2 0 0 0 0 0 0 0 3 3 0 
-0.003499200621039129 1 3 0 0 0 0 1 0 0 0 0 0 
0.003499200621039129 1 3 0 0 0 3 1 3 0 0 0 0 
0.003499200621039129 1 0 0 0 0 0 1 0 0 0 0 0 
-0.003499200621039129 1 0 0 0 0 3 1 3 0 0 0 0 
-0.00036804646539634415 1 1 1 1 1 3 0 1 0 0 0 0 
0.00036804646539634415 1 1 1 1 1 3 3 1 3 0 0 0 
-0.00036804646539634415 2 1 1 1 2 0 0 1 0 0 0 0 
0.00036804646539634415 2 1 1 1 2 0 3 1 3 0 0 0 
-0.0016132591415619723 1 1 2 2 1 3 0 0 0 0 0 0 
-0.0016132591415619723 2 1 2 2 2 0 0 0 0 0 0 0 
-0.0015150623220378282 1 1 1 1 3 0 0 0 0 3 1 3 
0.0015150623220378282 1 1 1 1 3 0 0 0 0 0 1 0 
-0.0015150623220378282 2 1 1 2 0 0 0 0 0 3 1 3 
0.0015150623220378282 2 1 1 2 0 0 0 0 0 0 1 0 
-0.002844189783817195 1 1 3 0 0 0 1 0 0 0 0 0 
0.002844189783817195 1 1 3 0 0 3 1 3 0 0 0 0 
-0.002844189783817195 2 2 0 0 0 0 1 0 0 0 0 0 
0.002844189783817195 2 2 0 0 0 3 1 3 0 0 0 0 
0.09907853734660559 3 0 0 0 0 0 0 0 0 3 3 0 
-0.003801936389363303 1 1 3 3 3 0 0 0 0 0 0 0 
-0.003801936389363303 2 2 0 3 3 0 0 0 0 0 0 0 
0.0018831111024116666 1 1 1 1 3 0 3 1 1 1 3 0 
0.0018831111024116666 1 1 1 1 3 0 0 2 1 2 0 0 
0.0018831111024116666 2 1 1 2 0 0 3 1 1 1 3 0 
0.0018831111024116666 2 1 1 2 0 0 0 2 1 2 0 0 
0.002140905404203534 1 1 1 1 1 3 1 0 0 0 0 0 
-0.002140905404203534 1 1 1 1 1 0 1 3 0 0 0 0 
0.002140905404203534 2 1 1 1 2 0 1 0 0 0 0 0 
-0.002140905404203534 2 1 1 1 2 3 1 3 0 0 0 0 
-0.0004571300381358311 1 1 1 1 1 0 1 1 3 0 0 0 
-0.0004571300381358311 1 1 1 1 1 3 2 2 0 0 0 0 
-0.0004571300381358311 2 1 1 1 2 3 1 1 3 0 0 0 
-0.0004571300381358311 2 1 1 1 2 0 2 2 0 0 0 0 
-0.03452749728826193 3 0 0 0 0 0 2 2 0 0 0 0 
-0.03452749728826193 3 0 0 0 0 3 1 1 3 0 0 0 
-0.008783243290367738 3 0 0 0 0 0 0 2 1 1 2 0 
-0.008783243290367738 3 0 0 0 0 0 3 1 1 1 1 3 
-0.0028371558350796322 1 1 3 0 0 0 0 0 0 0 3 3 
-0.0028371558350796322 2 2 0 0 0 0 0 0 0 0 3 3 
9.819681952414423e-05 1 1 1 1 1 3 0 0 0 3 3 0 
9.819681952414423e-05 2 1 1 1 2 0 0 0 0 3 3 0 
0.09044358338803854 3 0 0 0 0 0 0 0 0 0 3 3 
-0.003901275121500918 1 1 3 0 3 3 0 0 0 0 0 0 
-0.003901275121500918 2 2 0 0 3 3 0 0 0 0 0 0 
-0.0006537716041951963 1 1 1 1 1 3 0 0 0 0 3 3 
-0.0006537716041951963 2 1 1 1 2 0 0 0 0 0 3 3 
0.09895620295189786 3 0 0 0 0 0 0 3 3 0 0 0 
0.0013053172862472532 1 3 0 0 0 0 0 2 1 1 2 0 
0.0013053172862472532 1 3 0 0 0 0 3 1 1 1 1 3 
-0.0013053172862472532 1 0 0 0 0 0 0 2 1 1 2 0 
-0.0013053172862472532 1 0 0 0 0 0 3 1 1 1 1 3 
0.012111185067841644 3 0 0 0 0 3 1 1 1 1 1 3 
0.012111185067841644 3 0 0 0 0 0 2 1 1 1 2 0 
-0.0028387020125095275 1 3 0 0 0 0 0 3 3 0 0 0 
0.0028387020125095275 1 0 0 0 0 0 0 3 3 0 0 0 
-0.0021409054042035337 1 3 0 0 0 3 1 1 1 1 1 3 
-0.0021409054042035337 1 3 0 0 0 0 2 1 1 1 2 0 
0.0021409054042035337 1 0 0 0 0 3 1 1 1 1 1 3 
0.0021409054042035337 1 0 0 0 0 0 2 1 1 1 2 0 
0.0004787885558647032 1 1 3 0 0 0 0 3 3 0 0 0 
0.0004787885558647032 2 2 0 0 0 0 0 3 3 0 0 0 
0.000944390520516548 1 3 0 0 0 0 0 0 0 0 3 3 
-0.000944390520516548 1 0 0 0 0 0 0 0 0 0 3 3 
-0.0004571300381358311 1 1 3 0 0 3 1 1 1 1 1 3 
-0.0004571300381358311 1 1 3 0 0 0 2 1 1 1 2 0 
-0.0004571300381358311 2 2 0 0 0 3 1 1 1 1 1 3 
-0.0004571300381358311 2 2 0 0 0 0 2 1 1 1 2 0 
0.0025102929583497055 1 1 1 1 1 3 0 3 3 0 0 0 
0.0025102929583497055 2 1 1 1 2 0 0 3 3 0 0 0 
0.0011128205964928677 1 1 3 0 0 0 0 3 1 1 1 3 
0.0011128205964928677 1 1 3 0 0 0 0 0 2 1 2 0 
0.0011128205964928677 2 2 0 0 0 0 0 3 1 1 1 3 
0.0011128205964928677 2 2 0 0 0 0 0 0 2 1 2 0 
0.001977022586913046 1 1 1 1 1 0 1 1 1 1 1 3 
0.001977022586913046 1 1 1 1 1 3 2 1 1 1 2 0 
0.001977022586913046 2 1 1 1 2 3 1 1 1 1 1 3 
0.001977022586913046 2 1 1 1 2 0 2 1 1 1 2 0 
0.053143385523584455 3 0 3 0 0 0 0 0 0 0 0 0 
0.0049647379018068725 3 2 2 1 1 3 0 0 0 0 0 0 
-0.0049647379018068725 0 1 2 1 2 0 0 0 0 0 0 0 
-0.0035058782176763115 3 1 0 3 0 0 0 0 0 0 0 0 
0.0035058782176763115 0 1 3 3 0 0 0 0 0 0 0 0 
-0.0035058782176763115 3 1 3 3 3 0 0 0 0 0 0 0 
0.0035058782176763115 0 1 0 3 3 0 0 0 0 0 0 0 
-0.0028233802322168325 3 1 3 0 3 3 0 0 0 0 0 0 
0.0028233802322168325 0 1 0 0 3 3 0 0 0 0 0 0 
-0.0014984719249228774 3 1 2 2 1 3 0 0 0 0 0 0 
-0.0014984719249228774 0 2 2 2 2 0 0 0 0 0 0 0 
-0.0014984719249228774 3 1 1 2 2 3 0 0 0 0 0 0 
0.0014984719249228774 0 2 1 2 1 0 0 0 0 0 0 0 
0.09329540264469563 3 3 0 0 0 3 3 0 0 0 0 0 
-0.008783243290367736 3 1 1 1 1 0 3 0 0 0 0 0 
-0.008783243290367736 0 2 1 1 2 3 3 0 0 0 0 0 
0.003094795210398603 3 1 3 0 0 3 3 0 0 0 0 0 
-0.003094795210398603 0 1 0 0 0 3 3 0 0 0 0 0 
-0.0016827067404276066 3 3 0 0 0 0 1 0 0 0 0 0 
0.0016827067404276066 3 3 0 0 0 3 1 3 0 0 0 0 
-0.0013053172862472532 3 1 1 1 1 3 1 0 0 0 0 0 
0.0013053172862472532 3 1 1 1 1 0 1 3 0 0 0 0 
-0.0013053172862472532 0 2 1 1 2 0 1 0 0 0 0 0 
0.0013053172862472532 0 2 1 1 2 3 1 3 0 0 0 0 
0.0008753766254815323 3 1 3 0 0 0 1 0 0 0 0 0 
-0.0008753766254815323 3 1 3 0 0 3 1 3 0 0 0 0 
-0.0008753766254815323 0 1 0 0 0 0 1 0 0 0 0 0 
0.0008753766254815323 0 1 0 0 0 3 1 3 0 0 0 0 
-0.0041212031853551535 3 3 0 0 0 0 2 2 0 0 0 0 
-0.0041212031853551535 3 3 0 0 0 3 1 1 3 0 0 0 
5.164056944811167e-05 3 1 3 0 0 0 2 2 0 0 0 0 
5.164056944811167e-05 3 1 3 0 0 3 1 1 3 0 0 0 
-5.164056944811167e-05 0 1 0 0 0 0 2 2 0 0 0 0 
-5.164056944811167e-05 0 1 0 0 0 3 1 1 3 0 0 0 
0.001883111102411667 3 1 1 3 0 0 2 1 2 0 0 0 
0.001883111102411667 3 1 1 3 0 3 1 1 1 3 0 0 
0.001883111102411667 0 2 2 0 0 0 2 1 2 0 0 0 
0.001883111102411667 0 2 2 0 0 3 1 1 1 3 0 0 
0.001883111102411667 3 1 1 1 3 0 2 1 1 2 0 0 
0.001883111102411667 3 1 1 1 3 3 1 1 1 1 3 0 
0.001883111102411667 0 2 1 2 0 0 2 1 1 2 0 0 
0.001883111102411667 0 2 1 2 0 3 1 1 1 1 3 0 
-0.0016132850893820785 3 3 0 0 0 0 2 1 1 1 2 0 
-0.0016132850893820785 3 3 0 0 0 3 1 1 1 1 1 3 
0.00036804646539634415 3 1 3 0 0 0 2 1 1 1 2 0 
0.00036804646539634415 3 1 3 0 0 3 1 1 1 1 1 3 
-0.00036804646539634415 0 1 0 0 0 0 2 1 1 1 2 0 
-0.00036804646539634415 0 1 0 0 0 3 1 1 1 1 1 3 
-1.949767702165807e-05 3 1 1 1 1 3 2 2 0 0 0 0 
-1.949767702165807e-05 3 1 1 1 1 0 1 1 3 0 0 0 
-1.949767702165807e-05 0 2 1 1 2 0 2 2 0 0 0 0 
-1.949767702165807e-05 0 2 1 1 2 3 1 1 3 0 0 0 
5.965120461497374e-05 3 1 1 1 1 3 2 1 1 1 2 0 
5.965120461497374e-05 3 1 1 1 1 0 1 1 1 1 1 3 
5.965120461497374e-05 0 2 1 1 2 0 2 1 1 1 2 0 
5.965120461497374e-05 0 2 1 1 2 3 1 1 1 1 1 3 
0.12273197739721452 3 3 0 0 0 0 3 3 0 0 0 0 
-0.011927992320873654 3 1 3 0 0 0 3 3 0 0 0 0 
0.011927992320873654 0 1 0 0 0 0 3 3 0 0 0 0 
0.011927992320873654 3 3 0 0 0 0 0 1 0 0 0 0 
-0.011927992320873654 3 3 0 0 0 0 3 1 3 0 0 0 
0.03238710964724029 3 1 1 1 1 3 3 3 0 0 0 0 
0.03238710964724029 0 2 1 1 2 0 3 3 0 0 0 0 
-0.003140863976258016 3 1 3 0 0 0 0 1 0 0 0 0 
0.003140863976258016 3 1 3 0 0 0 3 1 3 0 0 0 
0.003140863976258016 0 1 0 0 0 0 0 1 0 0 0 0 
-0.003140863976258016 0 1 0 0 0 0 3 1 3 0 0 0 
0.005928068284138411 3 1 1 1 3 0 0 2 1 2 0 0 
0.005928068284138411 3 1 1 1 3 0 3 1 1 1 3 0 
0.005928068284138411 0 2 1 2 0 0 0 2 1 2 0 0 
0.005928068284138411 0 2 1 2 0 0 3 1 1 1 3 0 
0.005928068284138411 3 1 1 3 0 0 0 2 2 0 0 0 
0.005928068284138411 3 1 1 3 0 0 3 1 1 3 0 0 
0.005928068284138411 0 2 2 0 0 0 0 2 2 0 0 0 
0.005928068284138411 0 2 2 0 0 0 3 1 1 3 0 0 
0.008500810651887278 3 1 1 1 1 3 0 1 0 0 0 0 
-0.008500810651887278 3 1 1 1 1 3 3 1 3 0 0 0 
0.008500810651887278 0 2 1 1 2 0 0 1 0 0 0 0 
-0.008500810651887278 0 2 1 1 2 0 3 1 3 0 0 0 
-0.008500810651887276 3 1 3 0 0 0 0 2 1 1 2 0 
-0.008500810651887276 3 1 3 0 0 0 3 1 1 1 1 3 
0.008500810651887276 0 1 0 0 0 0 0 2 1 1 2 0 
0.008500810651887276 0 1 0 0 0 0 3 1 1 1 1 3 
0.030847552894881565 3 1 1 1 1 3 0 2 1 1 2 0 
0.030847552894881565 3 1 1 1 1 3 3 1 1 1 1 3 
0.030847552894881565 0 2 1 1 2 0 0 2 1 1 2 0 
0.030847552894881565 0 2 1 1 2 0 3 1 1 1 1 3 
0.03238710964724029 3 3 0 0 0 0 0 2 1 1 2 0 
0.03238710964724029 3 3 0 0 0 0 3 1 1 1 1 3 
0.0016994465454533967 3 1 3 0 0 0 0 3 3 0 0 0 
-0.0016994465454533967 0 1 0 0 0 0 0 3 3 0 0 0 
0.05628424949984247 3 3 0 0 0 0 0 3 3 0 0 0 
-0.002741686547558492 3 1 1 1 1 3 0 3 3 0 0 0 
-0.002741686547558492 0 2 1 1 2 0 0 3 3 0 0 0 
-0.004809305250087728 3 1 1 3 0 0 0 0 1 0 0 0 
0.004809305250087728 3 1 1 3 0 0 0 3 1 3 0 0 
-0.004809305250087728 0 2 2 0 0 0 0 0 1 0 0 0 
0.004809305250087728 0 2 2 0 0 0 0 3 1 3 0 0 
-0.0127799697664385 3 3 0 0 0 0 0 0 2 1 2 0 
-0.0127799697664385 3 3 0 0 0 0 0 3 1 1 1 3 
0.004809305250087728 3 1 1 1 3 0 0 0 2 2 0 0 
0.004809305250087728 3 1 1 1 3 0 0 3 1 1 3 0 
0.004809305250087728 0 2 1 2 0 0 0 0 2 2 0 0 
0.004809305250087728 0 2 1 2 0 0 0 3 1 1 3 0 
-0.00786026595860119 3 1 1 1 1 3 0 0 2 1 2 0 
-0.00786026595860119 3 1 1 1 1 3 0 3 1 1 1 3 
-0.00786026595860119 0 2 1 1 2 0 0 0 2 1 2 0 
-0.00786026595860119 0 2 1 1 2 0 0 3 1 1 1 3 
0.00222305135424838 3 1 3 0 0 0 0 0 2 1 2 0 
0.00222305135424838 3 1 3 0 0 0 0 3 1 1 1 3 
-0.00222305135424838 0 1 0 0 0 0 0 0 2 1 2 0 
-0.00222305135424838 0 1 0 0 0 0 0 3 1 1 1 3 
0.0681866585193465 3 3 0 0 0 0 0 0 3 3 0 0 
0.0013034270324114162 3 1 3 0 0 0 0 0 3 3 0 0 
-0.0013034270324114162 0 1 0 0 0 0 0 0 3 3 0 0 
-0.004890647683950575 3 1 1 3 0 0 0 0 0 2 2 0 
-0.004890647683950575 3 1 1 3 0 0 0 0 3 1 1 3 
-0.004890647683950575 0 2 2 0 0 0 0 0 0 2 2 0 
-0.004890647683950575 0 2 2 0 0 0 0 0 3 1 1 3 
-0.003392175759027697 3 1 1 1 1 3 0 0 3 3 0 0 
-0.003392175759027697 0 2 1 1 2 0 0 0 3 3 0 0 
0.0681866585193465 3 3 0 0 0 0 0 0 0 3 3 0 
0.0013034270324114162 3 1 3 0 0 0 0 0 0 3 3 0 
-0.0013034270324114162 0 1 0 0 0 0 0 0 0 3 3 0 
0.004890647683950575 3 1 1 1 3 0 0 0 0 0 1 0 
-0.004890647683950575 3 1 1 1 3 0 0 0 0 3 1 3 
0.004890647683950575 0 2 1 2 0 0 0 0 0 0 1 0 
-0.004890647683950575 0 2 1 2 0 0 0 0 0 3 1 3 
-0.003392175759027697 3 1 1 1 1 3 0 0 0 3 3 0 
-0.003392175759027697 0 2 1 1 2 0 0 0 0 3 3 0 
0.11394727206434599 3 3 0 0 0 0 0 0 0 0 3 3 
0.0343803518887698 3 1 1 1 1 3 0 0 0 0 3 3 
0.0343803518887698 0 2 1 1 2 0 0 0 0 0 3 3 
-0.010683646190818024 3 1 3 0 0 0 0 0 0 0 3 3 
0.010683646190818024 0 1 0 0 0 0 0 0 0 0 3 3 
0.06020561198805623 0 3 0 3 0 0 0 0 0 0 0 0 
0.06020561198805623 0 3 3 3 3 0 0 0 0 0 0 0 
0.053851455371320044 0 3 3 0 3 3 0 0 0 0 0 0 
-0.0039008546202557778 0 3 2 2 1 3 0 0 0 0 0 0 
0.0039008546202557778 0 0 1 2 2 0 0 0 0 0 0 0 
-0.0039008546202557778 0 3 1 2 2 3 0 0 0 0 0 0 
0.0039008546202557778 0 0 2 2 1 0 0 0 0 0 0 0 
0.09895620295189786 0 3 3 0 0 3 3 0 0 0 0 0 
0.004373365560181985 0 3 1 1 1 0 3 0 0 0 0 0 
0.004373365560181985 0 0 2 1 2 3 3 0 0 0 0 0 
0.002838702012509528 0 3 3 0 0 0 1 0 0 0 0 0 
-0.002838702012509528 0 3 3 0 0 3 1 3 0 0 0 0 
0.0009894561999979669 0 3 1 1 1 3 1 0 0 0 0 0 
-0.0009894561999979669 0 3 1 1 1 0 1 3 0 0 0 0 
0.0009894561999979669 0 0 2 1 2 0 1 0 0 0 0 0 
-0.0009894561999979669 0 0 2 1 2 3 1 3 0 0 0 0 
0.0004787885558647032 0 3 3 0 0 0 2 2 0 0 0 0 
0.0004787885558647032 0 3 3 0 0 3 1 1 3 0 0 0 
0.001112820596492868 0 3 1 1 1 3 2 2 0 0 0 0 
0.001112820596492868 0 3 1 1 1 0 1 1 3 0 0 0 
0.001112820596492868 0 0 2 1 2 0 2 2 0 0 0 0 
0.001112820596492868 0 0 2 1 2 3 1 1 3 0 0 0 
0.00256241185722118 0 3 1 3 0 0 2 1 2 0 0 0 
0.00256241185722118 0 3 1 3 0 3 1 1 1 3 0 0 
-0.00256241185722118 0 0 1 0 0 0 2 1 2 0 0 0 
-0.00256241185722118 0 0 1 0 0 3 1 1 1 3 0 0 
0.00256241185722118 0 3 1 1 3 0 2 1 1 2 0 0 
0.00256241185722118 0 3 1 1 3 3 1 1 1 1 3 0 
0.00256241185722118 0 0 2 2 0 0 2 1 1 2 0 0 
0.00256241185722118 0 0 2 2 0 3 1 1 1 1 3 0 
0.0010641192864212854 0 3 1 1 1 3 2 1 1 1 2 0 
0.0010641192864212854 0 3 1 1 1 0 1 1 1 1 1 3 
0.0010641192864212854 0 0 2 1 2 0 2 1 1 1 2 0 
0.0010641192864212854 0 0 2 1 2 3 1 1 1 1 1 3 
0.0025102929583497055 0 3 3 0 0 0 2 1 1 1 2 0 
0.0025102929583497055 0 3 3 0 0 3 1 1 1 1 1 3 
0.05628424949984247 0 3 3 0 0 0 3 3 0 0 0 0 
-0.012779969766438498 0 3 1 1 1 3 3 3 0 0 0 0 
-0.012779969766438498 0 0 2 1 2 0 3 3 0 0 0 0 
-0.0016994465454533967 0 3 3 0 0 0 0 1 0 0 0 0 
0.0016994465454533967 0 3 3 0 0 0 3 1 3 0 0 0 
0.004809305250087728 0 3 1 3 0 0 0 2 2 0 0 0 
0.004809305250087728 0 3 1 3 0 0 3 1 1 3 0 0 
-0.004809305250087728 0 0 1 0 0 0 0 2 2 0 0 0 
-0.004809305250087728 0 0 1 0 0 0 3 1 1 3 0 0 
-0.00222305135424838 0 3 1 1 1 3 0 1 0 0 0 0 
0.00222305135424838 0 3 1 1 1 3 3 1 3 0 0 0 
-0.00222305135424838 0 0 2 1 2 0 0 1 0 0 0 0 
0.00222305135424838 0 0 2 1 2 0 3 1 3 0 0 0 
0.004809305250087728 0 3 1 1 3 0 0 2 1 2 0 0 
0.004809305250087728 0 3 1 1 3 0 3 1 1 1 3 0 
0.004809305250087728 0 0 2 2 0 0 0 2 1 2 0 0 
0.004809305250087728 0 0 2 2 0 0 3 1 1 1 3 0 
-0.002741686547558492 0 3 3 0 0 0 0 2 1 1 2 0 
-0.002741686547558492 0 3 3 0 0 0 3 1 1 1 1 3 
-0.00786026595860119 0 3 1 1 1 3 0 2 1 1 2 0 
-0.00786026595860119 0 3 1 1 1 3 3 1 1 1 1 3 
-0.00786026595860119 0 0 2 1 2 0 0 2 1 1 2 0 
-0.00786026595860119 0 0 2 1 2 0 3 1 1 1 1 3 
0.08459992191553377 0 3 3 0 0 0 0 3 3 0 0 0 
0.009002395390934836 0 3 1 1 1 3 0 3 3 0 0 0 
0.009002395390934836 0 0 2 1 2 0 0 3 3 0 0 0 
-0.010323042655882977 0 3 1 3 0 0 0 0 1 0 0 0 
0.010323042655882977 0 3 1 3 0 0 0 3 1 3 0 0 
0.010323042655882977 0 0 1 0 0 0 0 0 1 0 0 0 
-0.010323042655882977 0 0 1 0 0 0 0 3 1 3 0 0 
0.010323042655882977 0 3 1 1 3 0 0 0 2 2 0 0 
0.010323042655882977 0 3 1 1 3 0 0 3 1 1 3 0 
0.010323042655882977 0 0 2 2 0 0 0 0 2 2 0 0 
0.010323042655882977 0 0 2 2 0 0 0 3 1 1 3 0 
0.009002395390934838 0 3 3 0 0 0 0 0 2 1 2 0 
0.009002395390934838 0 3 3 0 0 0 0 3 1 1 1 3 
0.006587793599061406 0 3 1 1 1 3 0 0 2 1 2 0 
0.006587793599061406 0 3 1 1 1 3 0 3 1 1 1 3 
0.006587793599061406 0 0 2 1 2 0 0 0 2 1 2 0 
0.006587793599061406 0 0 2 1 2 0 0 3 1 1 1 3 
0.0705286546439392 0 3 3 0 0 0 0 0 3 3 0 0 
0.0004487973796892609 0 3 1 1 1 3 0 0 3 3 0 0 
0.0004487973796892609 0 0 2 1 2 0 0 0 3 3 0 0 
-0.0034520572405665165 0 3 1 3 0 0 0 0 0 2 2 0 
-0.0034520572405665165 0 3 1 3 0 0 0 0 3 1 1 3 
0.0034520572405665165 0 0 1 0 0 0 0 0 0 2 2 0 
0.0034520572405665165 0 0 1 0 0 0 0 0 3 1 1 3 
0.0034520572405665165 0 3 1 1 3 0 0 0 0 0 1 0 
-0.0034520572405665165 0 3 1 1 3 0 0 0 0 3 1 3 
0.0034520572405665165 0 0 2 2 0 0 0 0 0 0 1 0 
-0.0034520572405665165 0 0 2 2 0 0 0 0 0 3 1 3 
0.0705286546439392 0 3 3 0 0 0 0 0 0 3 3 0 
0.0004487973796892609 0 3 1 1 1 3 0 0 0 3 3 0 
0.0004487973796892609 0 0 2 1 2 0 0 0 0 3 3 0 
0.06043924897038145 0 3 3 0 0 0 0 0 0 0 3 3 
-0.010953552707821853 0 3 1 1 1 3 0 0 0 0 3 3 
-0.010953552707821853 0 0 2 1 2 0 0 0 0 0 3 3 
0.06558452315458402 0 0 3 0 3 0 0 0 0 0 0 0 
0.06229058646275268 0 0 3 3 3 3 0 0 0 0 0 0 
0.09907853734660559 0 0 3 3 0 3 3 0 0 0 0 0 
0.0011186998756777743 0 0 3 3 0 0 1 0 0 0 0 0 
-0.0011186998756777743 0 0 3 3 0 3 1 3 0 0 0 0 
-0.001239524532142123 0 0 3 3 0 0 2 2 0 0 0 0 
-0.001239524532142123 0 0 3 3 0 3 1 1 3 0 0 0 
9.819681952414423e-05 0 0 3 3 0 0 2 1 1 1 2 0 
9.819681952414423e-05 0 0 3 3 0 3 1 1 1 1 1 3 
0.0681866585193465 0 0 3 3 0 0 3 3 0 0 0 0 
-0.0013034270324114162 0 0 3 3 0 0 0 1 0 0 0 0 
0.0013034270324114162 0 0 3 3 0 0 3 1 3 0 0 0 
-0.001515062322037828 0 0 3 1 1 3 2 1 2 0 0 0 
-0.001515062322037828 0 0 3 1 1 0 1 1 1 3 0 0 
-0.001515062322037828 0 0 0 2 2 0 2 1 2 0 0 0 
-0.001515062322037828 0 0 0 2 2 3 1 1 1 3 0 0 
-0.004890647683950575 0 0 3 1 1 3 0 2 2 0 0 0 
-0.004890647683950575 0 0 3 1 1 3 3 1 1 3 0 0 
-0.004890647683950575 0 0 0 2 2 0 0 2 2 0 0 0 
-0.004890647683950575 0 0 0 2 2 0 3 1 1 3 0 0 
-0.003392175759027697 0 0 3 3 0 0 0 2 1 1 2 0 
-0.003392175759027697 0 0 3 3 0 0 3 1 1 1 1 3 
0.0705286546439392 0 0 3 3 0 0 0 3 3 0 0 0 
0.00044879737968926095 0 0 3 3 0 0 0 0 2 1 2 0 
0.00044879737968926095 0 0 3 3 0 0 0 3 1 1 1 3 
0.003452057240566517 0 0 3 1 1 3 0 0 1 0 0 0 
-0.003452057240566517 0 0 3 1 1 3 0 3 1 3 0 0 
0.003452057240566517 0 0 0 2 2 0 0 0 1 0 0 0 
-0.003452057240566517 0 0 0 2 2 0 0 3 1 3 0 0 
0.07823637778985212 0 0 3 3 0 0 0 0 3 3 0 0 
0.004903138462665429 0 0 3 1 1 3 0 0 0 2 2 0 
0.004903138462665429 0 0 3 1 1 3 0 0 3 1 1 3 
0.004903138462665429 0 0 0 2 2 0 0 0 0 2 2 0 
0.004903138462665429 0 0 0 2 2 0 0 0 3 1 1 3 
-0.004217284878422725 0 0 3 1 3 0 0 0 0 1 0 0 
0.004217284878422725 0 0 3 1 3 0 0 0 3 1 3 0 
0.004217284878422725 0 0 0 1 0 0 0 0 0 1 0 0 
-0.004217284878422725 0 0 0 1 0 0 0 0 3 1 3 0 
0.06980180803300673 0 0 3 3 0 0 0 0 0 3 3 0 
0.06719372492541811 0 0 3 3 0 0 0 0 0 0 3 3 
0.06229058646275268 0 0 0 3 0 3 0 0 0 0 0 0 
0.0011186998756777743 0 0 0 3 3 0 1 0 0 0 0 0 
-0.0011186998756777743 0 0 0 3 3 3 1 3 0 0 0 0 
0.09907853734660559 0 0 0 3 3 3 3 0 0 0 0 0 
-0.001239524532142123 0 0 0 3 3 0 2 2 0 0 0 0 
-0.001239524532142123 0 0 0 3 3 3 1 1 3 0 0 0 
-0.001515062322037828 0 0 0 3 1 3 2 1 1 2 0 0 
-0.001515062322037828 0 0 0 3 1 0 1 1 1 1 3 0 
0.001515062322037828 0 0 0 0 1 0 2 1 1 2 0 0 
0.001515062322037828 0 0 0 0 1 3 1 1 1 1 3 0 
9.819681952414423e-05 0 0 0 3 3 0 2 1 1 1 2 0 
9.819681952414423e-05 0 0 0 3 3 3 1 1 1 1 1 3 
0.0681866585193465 0 0 0 3 3 0 3 3 0 0 0 0 
-0.0013034270324114162 0 0 0 3 3 0 0 1 0 0 0 0 
0.0013034270324114162 0 0 0 3 3 0 3 1 3 0 0 0 
-0.003392175759027697 0 0 0 3 3 0 0 2 1 1 2 0 
-0.003392175759027697 0 0 0 3 3 0 3 1 1 1 1 3 
0.0705286546439392 0 0 0 3 3 0 0 3 3 0 0 0 
-0.004890647683950575 0 0 0 3 1 3 0 2 1 2 0 0 
-0.004890647683950575 0 0 0 3 1 3 3 1 1 1 3 0 
0.004890647683950575 0 0 0 0 1 0 0 2 1 2 0 0 
0.004890647683950575 0 0 0 0 1 0 3 1 1 1 3 0 
-0.003452057240566517 0 0 0 3 1 3 0 0 2 2 0 0 
-0.003452057240566517 0 0 0 3 1 3 0 3 1 1 3 0 
0.003452057240566517 0 0 0 0 1 0 0 0 2 2 0 0 
0.003452057240566517 0 0 0 0 1 0 0 3 1 1 3 0 
0.00044879737968926095 0 0 0 3 3 0 0 0 2 1 2 0 
0.00044879737968926095 0 0 0 3 3 0 0 3 1 1 1 3 
0.06980180803300673 0 0 0 3 3 0 0 0 3 3 0 0 
0.07823637778985212 0 0 0 3 3 0 0 0 0 3 3 0 
-0.004903138462665429 0 0 0 3 1 3 0 0 0 0 1 0 
0.004903138462665429 0 0 0 3 1 3 0 0 0 3 1 3 
0.004903138462665429 0 0 0 0 1 0 0 0 0 0 1 0 
-0.004903138462665429 0 0 0 0 1 0 0 0 0 3 1 3 
0.06719372492541811 0 0 0 3 3 0 0 0 0 0 3 3 
0.09044358338803854 0 0 0 0 3 0 3 0 0 0 0 0 
-0.000944390520516548 0 0 0 0 3 3 1 0 0 0 0 0 
0.000944390520516548 0 0 0 0 3 0 1 3 0 0 0 0 
-0.0028371558350796322 0 0 0 0 3 3 2 2 0 0 0 0 
-0.0028371558350796322 0 0 0 0 3 0 1 1 3 0 0 0 
-0.0006537716041951963 0 0 0 0 3 3 2 1 1 1 2 0 
-0.0006537716041951963 0 0 0 0 3 0 1 1 1 1 1 3 
0.11394727206434599 0 0 0 0 3 3 3 3 0 0 0 0 
0.010683646190818024 0 0 0 0 3 3 0 1 0 0 0 0 
-0.010683646190818024 0 0 0 0 3 3 3 1 3 0 0 0 
0.0343803518887698 0 0 0 0 3 3 0 2 1 1 2 0 
0.0343803518887698 0 0 0 0 3 3 3 1 1 1 1 3 
0.06043924897038145 0 0 0 0 3 3 0 3 3 0 0 0 
-0.010953552707821853 0 0 0 0 3 3 0 0 2 1 2 0 
-0.010953552707821853 0 0 0 0 3 3 0 3 1 1 1 3 
0.06719372492541811 0 0 0 0 3 3 0 0 3 3 0 0 
0.06719372492541811 0 0 0 0 3 3 0 0 0 3 3 0 
0.11383952343917952 0 0 0 0 3 3 0 0 0 0 3 3 
-0.006642337886164204 0 0 0 0 0 3 0 1 1 1 1 3 
-0.006642337886164204 0 0 0 0 0 3 3 2 1 1 2 0 
-0.0002506054265814078 0 0 0 0 0 3 3 1 0 0 0 0 
0.0002506054265814078 0 0 0 0 0 3 0 1 3 0 0 0 
0.0897962020236565 0 0 0 0 0 3 0 3 0 0 0 0 
0.004830495598317816 0 0 0 0 0 3 3 3 1 1 1 3 
0.004830495598317816 0 0 0 0 0 3 3 0 2 1 2 0 
0.09662390797136347 0 0 0 0 0 3 3 0 3 3 0 0 
0.0935588434934753 0 0 0 0 0 3 3 3 3 0 0 0 
0.09662390797136347 0 0 0 0 0 3 3 0 0 3 3 0 
0.08846656080112549 0 0 0 0 0 3 3 0 0 0 3 3 
0.0032458265598736217 0 0 0 0 0 3 2 2 3 0 0 0 
0.0032458265598736217 0 0 0 0 0 0 1 1 0 0 0 0 
0.0029186023756293316 0 0 0 0 0 3 2 2 1 1 1 3 
-0.0029186023756293316 0 0 0 0 0 0 1 2 1 1 2 0 
-0.002890342581957639 0 0 0 0 0 3 1 0 3 0 0 0 
0.002890342581957639 0 0 0 0 0 0 1 3 3 0 0 0 
-0.003001810978089441 0 0 0 0 0 3 1 3 3 3 0 0 
0.003001810978089441 0 0 0 0 0 0 1 0 3 3 0 0 
-0.001357502665394311 0 0 0 0 0 3 1 0 1 1 1 3 
-0.0009699585229763087 0 0 0 0 0 3 1 3 2 1 2 0 
-0.0003875441424180022 0 0 0 0 0 3 2 0 2 1 1 3 
-0.0003875441424180022 0 0 0 0 0 0 2 0 1 1 2 0 
0.0009699585229763087 0 0 0 0 0 0 1 3 1 1 1 3 
0.001357502665394311 0 0 0 0 0 0 1 0 2 1 2 0 
-0.003001810978089441 0 0 0 0 0 3 1 3 0 3 3 0 
0.003001810978089441 0 0 0 0 0 0 1 0 0 3 3 0 
0.0008847393159015742 0 0 0 0 0 3 1 3 0 0 3 3 
-0.0008847393159015742 0 0 0 0 0 0 1 0 0 0 3 3 
-0.0013974723618568375 0 0 0 0 0 3 1 2 2 1 1 3 
-0.0013974723618568375 0 0 0 0 0 0 2 2 2 1 2 0 
-0.003801936389363303 0 0 0 0 0 3 1 1 0 3 0 0 
-0.003801936389363303 0 0 0 0 0 0 2 2 3 3 0 0 
-0.003801936389363303 0 0 0 0 0 3 1 1 3 3 3 0 
-0.003801936389363303 0 0 0 0 0 0 2 2 0 3 3 0 
-0.003901275121500918 0 0 0 0 0 3 1 1 3 0 3 3 
-0.003901275121500918 0 0 0 0 0 0 2 2 0 0 3 3 
-0.0016132591415619723 0 0 0 0 0 3 1 1 2 2 1 3 
-0.0016132591415619723 0 0 0 0 0 0 2 1 2 2 2 0 
-0.0016132591415619723 0 0 0 0 0 3 1 1 1 2 2 3 
0.0016132591415619723 0 0 0 0 0 0 2 1 1 2 1 0 
0.053143385523584455 0 0 0 0 0 0 3 0 3 0 0 0 
0.06225859023520808 0 0 0 0 0 0 3 3 3 3 0 0 
0.06225859023520808 0 0 0 0 0 0 3 3 0 3 3 0 
-0.004279159114551223 0 0 0 0 0 0 3 0 1 1 1 3 
-0.004279159114551223 0 0 0 0 0 0 3 3 2 1 2 0 
0.08309971916946442 0 0 0 0 0 0 3 3 0 0 3 3 
0.0049647379018068725 0 0 0 0 0 0 3 2 2 1 1 3 
-0.0049647379018068725 0 0 0 0 0 0 0 1 2 1 2 0 
-0.0035058782176763115 0 0 0 0 0 0 3 1 0 3 0 0 
0.0035058782176763115 0 0 0 0 0 0 0 1 3 3 0 0 
-0.0035058782176763115 0 0 0 0 0 0 3 1 3 3 3 0 
0.0035058782176763115 0 0 0 0 0 0 0 1 0 3 3 0 
-0.0028233802322168325 0 0 0 0 0 0 3 1 3 0 3 3 
0.0028233802322168325 0 0 0 0 0 0 0 1 0 0 3 3 
-0.0014984719249228774 0 0 0 0 0 0 3 1 2 2 1 3 
-0.0014984719249228774 0 0 0 0 0 0 0 2 2 2 2 0 
-0.0014984719249228774 0 0 0 0 0 0 3 1 1 2 2 3 
0.0014984719249228774 0 0 0 0 0 0 0 2 1 2 1 0 
0.06020561198805623 0 0 0 0 0 0 0 3 3 3 3 0 
0.06020561198805623 0 0 0 0 0 0 0 3 0 3 0 0 
0.053851455371320044 0 0 0 0 0 0 0 3 3 0 3 3 
-0.0039008546202557778 0 0 0 0 0 0 0 3 2 2 1 3 
0.0039008546202557778 0 0 0 0 0 0 0 0 1 2 2 0 
-0.0039008546202557778 0 0 0 0 0 0 0 3 1 2 2 3 
0.0039008546202557778 0 0 0 0 0 0 0 0 2 2 1 0 
0.06558452315458402 0 0 0 0 0 0 0 0 3 0 3 0 
0.06229058646275268 0 0 0 0 0 0 0 0 3 3 3 3 
0.06229058646275268 0 0 0 0 0 0 0 0 0 3 0 3 
