   3.0000000e+00   3.0000000e+00   3.0000000e+00   3.0000000e+00   3.0000000e+00   1.0000000e+00   3.0000000e+00   3.0000000e+00   2.0000000e+00   1.0000000e+00   2.0000000e+00   3.0000000e+00   1.0000000e+00   2.0000000e+00   2.0000000e+00   2.0000000e+00   1.0000000e+00   3.0000000e+00   3.0000000e+00   3.0000000e+00   1.0000000e+00   2.0000000e+00
   3.0000000e+00   2.0000000e+00   1.0000000e+00   3.0000000e+00   3.0000000e+00   1.0000000e+00   2.0000000e+00   2.0000000e+00   3.0000000e+00   3.0000000e+00   2.0000000e+00   2.0000000e+00   1.0000000e+00   2.0000000e+00   2.0000000e+00   2.0000000e+00   1.0000000e+00   2.0000000e+00   2.0000000e+00   3.0000000e+00   1.0000000e+00   3.0000000e+00
   3.0000000e+00   3.0000000e+00   3.0000000e+00   2.0000000e+00   1.0000000e+00   1.0000000e+00   2.0000000e+00   2.0000000e+00   3.0000000e+00   3.0000000e+00   2.0000000e+00   2.0000000e+00   1.0000000e+00   1.0000000e+00   2.0000000e+00   2.0000000e+00   1.0000000e+00   2.0000000e+00   3.0000000e+00   1.0000000e+00   1.0000000e+00   2.0000000e+00
   3.0000000e+00   3.0000000e+00   3.0000000e+00   3.0000000e+00   3.0000000e+00   3.0000000e+00   3.0000000e+00   3.0000000e+00   3.0000000e+00   3.0000000e+00   3.0000000e+00   3.0000000e+00   3.0000000e+00   3.0000000e+00   3.0000000e+00   1.0000000e+00   2.0000000e+00   3.0000000e+00   3.0000000e+00   3.0000000e+00   3.0000000e+00   3.0000000e+00
   3.0000000e+00   3.0000000e+00   3.0000000e+00   3.0000000e+00   3.0000000e+00   3.0000000e+00   3.0000000e+00   3.0000000e+00   3.0000000e+00   3.0000000e+00   3.0000000e+00   3.0000000e+00   3.0000000e+00   3.0000000e+00   3.0000000e+00   3.0000000e+00   3.0000000e+00   3.0000000e+00   3.0000000e+00   3.0000000e+00   3.0000000e+00   3.0000000e+00
   3.0000000e+00   2.0000000e+00   1.0000000e+00   3.0000000e+00   3.0000000e+00   2.0000000e+00   2.0000000e+00   2.0000000e+00   2.0000000e+00   1.0000000e+00   2.0000000e+00   2.0000000e+00   1.0000000e+00   1.0000000e+00   2.0000000e+00   1.0000000e+00   2.0000000e+00   2.0000000e+00   2.0000000e+00   3.0000000e+00   2.0000000e+00   3.0000000e+00
   3.0000000e+00   3.0000000e+00   3.0000000e+00   2.0000000e+00   1.0000000e+00   2.0000000e+00   2.0000000e+00   2.0000000e+00   2.0000000e+00   1.0000000e+00   2.0000000e+00   2.0000000e+00   1.0000000e+00   1.0000000e+00   2.0000000e+00   1.0000000e+00   2.0000000e+00   2.0000000e+00   3.0000000e+00   1.0000000e+00   2.0000000e+00   2.0000000e+00
   3.0000000e+00   3.0000000e+00   3.0000000e+00   3.0000000e+00   3.0000000e+00   3.0000000e+00   1.0000000e+00   1.0000000e+00   3.0000000e+00   3.0000000e+00   2.0000000e+00   2.0000000e+00   1.0000000e+00   2.0000000e+00   3.0000000e+00   2.0000000e+00   2.0000000e+00   2.0000000e+00   3.0000000e+00   2.0000000e+00   2.0000000e+00   2.0000000e+00
   3.0000000e+00   3.0000000e+00   1.0000000e+00   3.0000000e+00   3.0000000e+00   1.0000000e+00   1.0000000e+00   3.0000000e+00   1.0000000e+00   1.0000000e+00   2.0000000e+00   3.0000000e+00   1.0000000e+00   2.0000000e+00   1.0000000e+00   2.0000000e+00   2.0000000e+00   2.0000000e+00   1.0000000e+00   2.0000000e+00   2.0000000e+00   3.0000000e+00
   3.0000000e+00   2.0000000e+00   3.0000000e+00   1.0000000e+00   1.0000000e+00   1.0000000e+00   1.0000000e+00   3.0000000e+00   1.0000000e+00   1.0000000e+00   2.0000000e+00   3.0000000e+00   1.0000000e+00   3.0000000e+00   1.0000000e+00   2.0000000e+00   2.0000000e+00   2.0000000e+00   3.0000000e+00   2.0000000e+00   3.0000000e+00   2.0000000e+00
   3.0000000e+00   3.0000000e+00   3.0000000e+00   3.0000000e+00   3.0000000e+00   3.0000000e+00   3.0000000e+00   3.0000000e+00   3.0000000e+00   3.0000000e+00   3.0000000e+00   3.0000000e+00   3.0000000e+00   3.0000000e+00   3.0000000e+00   1.0000000e+00   1.0000000e+00   3.0000000e+00   3.0000000e+00   3.0000000e+00   3.0000000e+00   3.0000000e+00
   3.0000000e+00   3.0000000e+00   3.0000000e+00   3.0000000e+00   3.0000000e+00   3.0000000e+00   3.0000000e+00   3.0000000e+00   3.0000000e+00   3.0000000e+00   3.0000000e+00   3.0000000e+00   3.0000000e+00   3.0000000e+00   3.0000000e+00   3.0000000e+00   3.0000000e+00   3.0000000e+00   3.0000000e+00   3.0000000e+00   3.0000000e+00   3.0000000e+00
   3.0000000e+00   3.0000000e+00   1.0000000e+00   3.0000000e+00   3.0000000e+00   1.0000000e+00   1.0000000e+00   1.0000000e+00   1.0000000e+00   1.0000000e+00   2.0000000e+00   2.0000000e+00   1.0000000e+00   2.0000000e+00   1.0000000e+00   1.0000000e+00   1.0000000e+00   1.0000000e+00   1.0000000e+00   3.0000000e+00   2.0000000e+00   3.0000000e+00
   3.0000000e+00   2.0000000e+00   3.0000000e+00   1.0000000e+00   1.0000000e+00   1.0000000e+00   1.0000000e+00   1.0000000e+00   1.0000000e+00   1.0000000e+00   2.0000000e+00   2.0000000e+00   1.0000000e+00   2.0000000e+00   1.0000000e+00   1.0000000e+00   1.0000000e+00   1.0000000e+00   3.0000000e+00   2.0000000e+00   2.0000000e+00   2.0000000e+00
   5.6163740e-01   4.3551300e-02   5.4666037e-02   4.3573825e-02   3.9422028e-02   1.9262285e-02   1.9691212e-02   1.6442532e-02   1.6430852e-02   1.8414751e-02   1.3917292e-02   1.8399208e-02   1.3739656e-02   1.1348191e-02   1.8855883e-02   1.1094775e-02   1.1320655e-02   7.8723641e-03   3.2112446e-02   1.3279516e-02   9.8406119e-03   5.1271863e-03
