0.03244690279713355 2 2 0 0 0 0 0 0 0 0 0 0 0 0 
0.03244690279713355 1 1 0 0 0 0 0 0 0 0 0 0 0 0 
-12.10997837697194 0 0 0 0 0 0 0 0 0 0 0 0 0 0 
2.217140356101289 3 0 0 0 0 0 0 0 0 0 0 0 0 0 
0.008576254798095928 0 3 0 0 0 0 0 0 0 0 0 0 0 0 
-0.028371906255985874 0 2 3 3 3 2 0 0 0 0 0 0 0 0 
-0.028371906255985874 0 1 3 3 3 1 0 0 0 0 0 0 0 0 
-0.02154724675912227 0 0 3 0 0 0 0 0 0 0 0 0 0 0 
0.025022126869099298 2 3 3 3 3 2 0 0 0 0 0 0 0 0 
0.025022126869099298 1 3 3 3 3 1 0 0 0 0 0 0 0 0 
-0.01084790986106457 0 0 2 3 3 3 2 0 0 0 0 0 0 0 
-0.01084790986106457 0 0 1 3 3 3 1 0 0 0 0 0 0 0 
-0.1470291865006218 0 0 0 3 0 0 0 0 0 0 0 0 0 0 
-0.1470291865006215 0 0 0 0 3 0 0 0 0 0 0 0 0 0 
-0.27049289949351696 0 0 0 0 0 3 0 0 0 0 0 0 0 0 
-0.49024567529944657 0 0 0 0 0 0 3 0 0 0 0 0 0 0 
2.217140356101289 0 0 0 0 0 0 0 3 0 0 0 0 0 0 
0.03244690279713358 0 0 0 0 0 0 0 2 2 0 0 0 0 0 
0.03244690279713358 0 0 0 0 0 0 0 1 1 0 0 0 0 0 
0.025022126869099263 0 0 0 0 0 0 0 2 3 3 3 3 2 0 
0.025022126869099263 0 0 0 0 0 0 0 1 3 3 3 3 1 0 
0.008576254798096539 0 0 0 0 0 0 0 0 3 0 0 0 0 0 
-0.02837190625598589 0 0 0 0 0 0 0 0 2 3 3 3 2 0 
-0.02837190625598589 0 0 0 0 0 0 0 0 1 3 3 3 1 0 
-0.021547246759122153 0 0 0 0 0 0 0 0 0 3 0 0 0 0 
-0.010847909861064627 0 0 0 0 0 0 0 0 0 2 3 3 3 2 
-0.010847909861064627 0 0 0 0 0 0 0 0 0 1 3 3 3 1 
-0.14702918650062152 0 0 0 0 0 0 0 0 0 0 3 0 0 0 
-0.14702918650062127 0 0 0 0 0 0 0 0 0 0 0 3 0 0 
-0.27049289949351685 0 0 0 0 0 0 0 0 0 0 0 0 3 0 
-0.49024567529944657 0 0 0 0 0 0 0 0 0 0 0 0 0 3 
0.0038378533963586673 2 3 3 2 0 0 0 0 1 3 1 0 0 0 
0.0038378533963586673 2 3 3 2 0 0 0 0 2 3 2 0 0 0 
0.0038378533963586673 1 3 3 1 0 0 0 0 1 3 1 0 0 0 
0.0038378533963586673 1 3 3 1 0 0 0 0 2 3 2 0 0 0 
0.1383510321560607 3 0 0 3 0 0 0 0 0 0 0 0 0 0 
0.00114236173114503 2 3 3 3 3 2 0 0 0 0 3 0 0 0 
0.00114236173114503 1 3 3 3 3 1 0 0 0 0 3 0 0 0 
0.003837853396358667 2 3 3 3 2 0 0 0 1 3 3 1 0 0 
0.003837853396358667 2 3 3 3 2 0 0 0 2 3 3 2 0 0 
0.003837853396358667 1 3 3 3 1 0 0 0 1 3 3 1 0 0 
0.003837853396358667 1 3 3 3 1 0 0 0 2 3 3 2 0 0 
0.1383510321560607 3 0 0 0 3 0 0 0 0 0 0 0 0 0 
0.004083878387319857 2 3 3 2 0 0 0 0 0 0 1 3 1 0 
0.004083878387319857 2 3 3 2 0 0 0 0 0 0 2 3 2 0 
0.004083878387319857 1 3 3 1 0 0 0 0 0 0 1 3 1 0 
0.004083878387319857 1 3 3 1 0 0 0 0 0 0 2 3 2 0 
-0.02693030455057573 3 0 0 0 0 0 0 0 1 3 3 3 1 0 
-0.02693030455057573 3 0 0 0 0 0 0 0 2 3 3 3 2 0 
0.003941958011574719 2 3 3 3 2 0 0 2 3 3 3 2 0 0 
0.003941958011574719 2 3 3 3 2 0 0 1 3 3 3 1 0 0 
0.003941958011574719 1 3 3 3 1 0 0 2 3 3 3 2 0 0 
0.003941958011574719 1 3 3 3 1 0 0 1 3 3 3 1 0 0 
-0.0016807663187388547 2 2 0 0 0 0 0 0 1 3 3 3 1 0 
-0.0016807663187388547 2 2 0 0 0 0 0 0 2 3 3 3 2 0 
-0.0016807663187388547 1 1 0 0 0 0 0 0 1 3 3 3 1 0 
-0.0016807663187388547 1 1 0 0 0 0 0 0 2 3 3 3 2 0 
-0.020702107067891322 3 1 3 3 3 1 0 0 0 0 0 0 0 0 
-0.020702107067891322 3 2 3 3 3 2 0 0 0 0 0 0 0 0 
-0.0009340330312522791 2 3 3 3 3 2 0 0 1 3 3 3 1 0 
-0.0009340330312522791 2 3 3 3 3 2 0 0 2 3 3 3 2 0 
-0.0009340330312522791 1 3 3 3 3 1 0 0 1 3 3 3 1 0 
-0.0009340330312522791 1 3 3 3 3 1 0 0 2 3 3 3 2 0 
0.002041366761772574 2 2 0 0 0 0 0 0 0 0 0 3 0 0 
0.002041366761772574 1 1 0 0 0 0 0 0 0 0 0 3 0 0 
0.11357055924153266 3 0 0 0 0 3 0 0 0 0 0 0 0 0 
0.0028700995972014637 2 3 2 0 0 0 0 0 0 0 0 0 1 1 
0.0028700995972014637 2 3 2 0 0 0 0 0 0 0 0 0 2 2 
0.0028700995972014637 1 3 1 0 0 0 0 0 0 0 0 0 1 1 
0.0028700995972014637 1 3 1 0 0 0 0 0 0 0 0 0 2 2 
0.0008333669551361852 2 3 2 0 0 0 0 0 1 3 3 3 3 1 
0.0008333669551361852 2 3 2 0 0 0 0 0 2 3 3 3 3 2 
0.0008333669551361852 1 3 1 0 0 0 0 0 1 3 3 3 3 1 
0.0008333669551361852 1 3 1 0 0 0 0 0 2 3 3 3 3 2 
-0.0316941194843471 3 0 1 3 3 3 1 0 0 0 0 0 0 0 
-0.0316941194843471 3 0 2 3 3 3 2 0 0 0 0 0 0 0 
0.0011423617311450247 2 3 3 3 3 2 0 0 0 0 0 3 0 0 
0.0011423617311450247 1 3 3 3 3 1 0 0 0 0 0 3 0 0 
0.001788761665335213 2 3 3 3 3 3 2 0 1 3 3 3 3 1 
0.001788761665335213 2 3 3 3 3 3 2 0 2 3 3 3 3 2 
0.001788761665335213 1 3 3 3 3 3 1 0 1 3 3 3 3 1 
0.001788761665335213 1 3 3 3 3 3 1 0 2 3 3 3 3 2 
0.13984034093335904 3 0 0 0 0 0 3 0 0 0 0 0 0 0 
0.004083878387319856 2 3 3 3 2 0 0 0 0 0 0 1 1 0 
0.004083878387319856 2 3 3 3 2 0 0 0 0 0 0 2 2 0 
0.004083878387319856 1 3 3 3 1 0 0 0 0 0 0 1 1 0 
0.004083878387319856 1 3 3 3 1 0 0 0 0 0 0 2 2 0 
0.0015445961196656399 2 3 2 0 0 0 0 2 3 2 0 0 0 0 
0.0015445961196656399 2 3 2 0 0 0 0 1 3 1 0 0 0 0 
0.0015445961196656399 1 3 1 0 0 0 0 2 3 2 0 0 0 0 
0.0015445961196656399 1 3 1 0 0 0 0 1 3 1 0 0 0 0 
0.04466899919968017 3 0 0 0 0 0 0 2 3 3 3 3 2 0 
0.04466899919968017 3 0 0 0 0 0 0 1 3 3 3 3 1 0 
0.11622633124105697 3 3 0 0 0 0 0 0 0 0 0 0 0 0 
0.0028636985092221757 2 3 3 3 3 3 2 2 3 2 0 0 0 0 
0.0028636985092221757 2 3 3 3 3 3 2 1 3 1 0 0 0 0 
0.0028636985092221757 1 3 3 3 3 3 1 2 3 2 0 0 0 0 
0.0028636985092221757 1 3 3 3 3 3 1 1 3 1 0 0 0 0 
0.006228197482684409 2 2 0 0 0 0 0 2 3 3 3 3 2 0 
0.006228197482684409 2 2 0 0 0 0 0 1 3 3 3 3 1 0 
0.006228197482684409 1 1 0 0 0 0 0 2 3 3 3 3 2 0 
0.006228197482684409 1 1 0 0 0 0 0 1 3 3 3 3 1 0 
0.0014815037042974172 2 3 3 3 3 2 0 0 0 0 0 0 3 0 
0.0014815037042974172 1 3 3 3 3 1 0 0 0 0 0 0 3 0 
0.0036595850555332697 2 3 2 0 0 0 0 0 2 2 0 0 0 0 
0.0036595850555332697 2 3 2 0 0 0 0 0 1 1 0 0 0 0 
0.0036595850555332697 1 3 1 0 0 0 0 0 2 2 0 0 0 0 
0.0036595850555332697 1 3 1 0 0 0 0 0 1 1 0 0 0 0 
0.005762652298742453 2 3 3 3 3 2 0 2 3 3 3 3 2 0 
0.005762652298742453 2 3 3 3 3 2 0 1 3 3 3 3 1 0 
0.005762652298742453 1 3 3 3 3 1 0 2 3 3 3 3 2 0 
0.005762652298742453 1 3 3 3 3 1 0 1 3 3 3 3 1 0 
0.005199416958897981 2 3 3 3 3 3 2 0 2 2 0 0 0 0 
0.005199416958897981 2 3 3 3 3 3 2 0 1 1 0 0 0 0 
0.005199416958897981 1 3 3 3 3 3 1 0 2 2 0 0 0 0 
0.005199416958897981 1 3 3 3 3 3 1 0 1 1 0 0 0 0 
0.11577994630401983 3 0 0 0 0 0 0 0 0 3 0 0 0 0 
0.0007216048000983312 2 2 0 0 0 0 0 0 0 3 0 0 0 0 
0.0007216048000983312 1 1 0 0 0 0 0 0 0 3 0 0 0 0 
3.87866930150347e-05 2 0 3 3 3 2 0 0 0 0 0 0 0 0 
3.87866930150347e-05 1 0 3 3 3 1 0 0 0 0 0 0 0 0 
0.001063334100402083 2 3 3 3 3 2 0 0 0 3 0 0 0 0 
0.001063334100402083 1 3 3 3 3 1 0 0 0 3 0 0 0 0 
0.004381189855631601 2 2 3 0 0 0 0 0 0 0 0 0 0 0 
0.004381189855631601 1 1 3 0 0 0 0 0 0 0 0 0 0 0 
-0.0007465999637981214 2 3 2 0 0 0 0 0 0 2 3 3 2 0 
-0.0007465999637981214 2 3 2 0 0 0 0 0 0 1 3 3 1 0 
-0.0007465999637981214 1 3 1 0 0 0 0 0 0 2 3 3 2 0 
-0.0007465999637981214 1 3 1 0 0 0 0 0 0 1 3 3 1 0 
-0.006510633107512849 2 2 2 3 3 3 2 0 0 0 0 0 0 0 
-0.002144583103751054 2 2 1 3 3 3 1 0 0 0 0 0 0 0 
-0.004366050003761795 2 1 1 3 3 3 2 0 0 0 0 0 0 0 
-0.004366050003761795 1 2 2 3 3 3 1 0 0 0 0 0 0 0 
-0.002144583103751054 1 1 2 3 3 3 2 0 0 0 0 0 0 0 
-0.006510633107512849 1 1 1 3 3 3 1 0 0 0 0 0 0 0 
-0.0005992249439618579 2 3 3 3 3 3 2 0 0 2 3 3 2 0 
-0.0005992249439618579 2 3 3 3 3 3 2 0 0 1 3 3 1 0 
-0.0005992249439618579 1 3 3 3 3 3 1 0 0 2 3 3 2 0 
-0.0005992249439618579 1 3 3 3 3 3 1 0 0 1 3 3 1 0 
0.005879220158131245 2 2 0 3 0 0 0 0 0 0 0 0 0 0 
0.005879220158131245 1 1 0 3 0 0 0 0 0 0 0 0 0 0 
-0.03455781799356927 3 0 0 0 0 0 0 0 0 1 3 3 3 1 
-0.03455781799356927 3 0 0 0 0 0 0 0 0 2 3 3 3 2 
0.005879220158131241 2 2 0 0 3 0 0 0 0 0 0 0 0 0 
0.005879220158131241 1 1 0 0 3 0 0 0 0 0 0 0 0 0 
-0.0013112161486148691 2 2 0 0 0 0 0 0 0 1 3 3 3 1 
-0.0013112161486148691 2 2 0 0 0 0 0 0 0 2 3 3 3 2 
-0.0013112161486148691 1 1 0 0 0 0 0 0 0 1 3 3 3 1 
-0.0013112161486148691 1 1 0 0 0 0 0 0 0 2 3 3 3 2 
0.11933321154027511 3 0 0 0 0 0 0 0 0 0 0 0 3 0 
-0.0008048277528563176 2 3 3 3 3 2 0 0 0 1 3 3 3 1 
-0.0008048277528563176 2 3 3 3 3 2 0 0 0 2 3 3 3 2 
-0.0008048277528563176 1 3 3 3 3 1 0 0 0 1 3 3 3 1 
-0.0008048277528563176 1 3 3 3 3 1 0 0 0 2 3 3 3 2 
0.001633078945984271 2 2 0 0 0 0 0 0 0 0 0 0 3 0 
0.001633078945984271 1 1 0 0 0 0 0 0 0 0 0 0 3 0 
0.003941958011574719 2 3 3 2 0 0 0 2 3 3 2 0 0 0 
0.003941958011574719 2 3 3 2 0 0 0 1 3 3 1 0 0 0 
0.003941958011574719 1 3 3 1 0 0 0 2 3 3 2 0 0 0 
0.003941958011574719 1 3 3 1 0 0 0 1 3 3 1 0 0 0 
0.0006990459147319917 2 2 0 0 0 3 0 0 0 0 0 0 0 0 
0.0006990459147319917 1 1 0 0 0 3 0 0 0 0 0 0 0 0 
0.1422929901676354 3 0 0 0 0 0 0 0 0 0 0 3 0 0 
0.004099010212155557 2 3 3 3 3 3 2 0 0 0 0 0 1 1 
0.004099010212155557 2 3 3 3 3 3 2 0 0 0 0 0 2 2 
0.004099010212155557 1 3 3 3 3 3 1 0 0 0 0 0 1 1 
0.004099010212155557 1 3 3 3 3 3 1 0 0 0 0 0 2 2 
0.004102814869944498 2 2 0 0 0 0 3 0 0 0 0 0 0 0 
0.004102814869944498 1 1 0 0 0 0 3 0 0 0 0 0 0 0 
0.1142353501843542 3 0 3 0 0 0 0 0 0 0 0 0 0 0 
0.0028636985092221757 2 3 2 0 0 0 0 2 3 3 3 3 3 2 
0.0028636985092221757 2 3 2 0 0 0 0 1 3 3 3 3 3 1 
0.0028636985092221757 1 3 1 0 0 0 0 2 3 3 3 3 3 2 
0.0028636985092221757 1 3 1 0 0 0 0 1 3 3 3 3 3 1 
0.1422929901676354 3 0 0 0 0 0 0 0 0 0 3 0 0 0 
0.005430477984127195 2 3 3 3 3 3 2 2 3 3 3 3 3 2 
0.005430477984127195 2 3 3 3 3 3 2 1 3 3 3 3 3 1 
0.005430477984127195 1 3 3 3 3 3 1 2 3 3 3 3 3 2 
0.005430477984127195 1 3 3 3 3 3 1 1 3 3 3 3 3 1 
0.002041366761772578 2 2 0 0 0 0 0 0 0 0 3 0 0 0 
0.002041366761772578 1 1 0 0 0 0 0 0 0 0 3 0 0 0 
0.0063327869758656235 2 3 3 3 3 2 3 0 0 0 0 0 0 0 
0.0063327869758656235 1 3 3 3 3 1 3 0 0 0 0 0 0 0 
0.5678665564615627 3 0 0 0 0 0 0 3 0 0 0 0 0 0 
0.050209791613454555 2 2 0 0 0 0 0 3 0 0 0 0 0 0 
0.050209791613454555 1 1 0 0 0 0 0 3 0 0 0 0 0 0 
0.04466899919968017 2 3 3 3 3 2 0 3 0 0 0 0 0 0 
0.04466899919968017 1 3 3 3 3 1 0 3 0 0 0 0 0 0 
0.00031673413660396137 2 3 0 3 3 2 0 0 0 0 0 0 0 0 
0.00031673413660396137 1 3 0 3 3 1 0 0 0 0 0 0 0 0 
0.05020979161345455 3 0 0 0 0 0 0 1 1 0 0 0 0 0 
0.05020979161345455 3 0 0 0 0 0 0 2 2 0 0 0 0 0 
-0.0002056028088944597 2 3 1 0 0 1 2 0 0 0 0 0 0 0 
0.003674927350057781 2 3 2 0 0 1 1 0 0 0 0 0 0 0 
0.003469324541163321 2 3 2 0 0 2 2 0 0 0 0 0 0 0 
0.003469324541163321 1 3 1 0 0 1 1 0 0 0 0 0 0 0 
0.003674927350057781 1 3 1 0 0 2 2 0 0 0 0 0 0 0 
-0.0002056028088944597 1 3 2 0 0 2 1 0 0 0 0 0 0 0 
0.0068094844609926635 2 2 0 0 0 0 0 1 1 0 0 0 0 0 
0.0068094844609926635 2 2 0 0 0 0 0 2 2 0 0 0 0 0 
0.0068094844609926635 1 1 0 0 0 0 0 1 1 0 0 0 0 0 
0.0068094844609926635 1 1 0 0 0 0 0 2 2 0 0 0 0 0 
0.005226240118464887 2 3 3 0 3 2 0 0 0 0 0 0 0 0 
0.005226240118464887 1 3 3 0 3 1 0 0 0 0 0 0 0 0 
0.0062281974826844085 2 3 3 3 3 2 0 1 1 0 0 0 0 0 
0.0062281974826844085 2 3 3 3 3 2 0 2 2 0 0 0 0 0 
0.0062281974826844085 1 3 3 3 3 1 0 1 1 0 0 0 0 0 
0.0062281974826844085 1 3 3 3 3 1 0 2 2 0 0 0 0 0 
0.06250495457198506 0 3 3 0 0 0 0 0 0 0 0 0 0 0 
0.00522624011846488 2 3 3 3 0 2 0 0 0 0 0 0 0 0 
0.00522624011846488 1 3 3 3 0 1 0 0 0 0 0 0 0 0 
0.14527081891748622 3 0 0 0 0 0 0 0 0 0 0 0 0 3 
-0.009534141917223213 0 3 2 3 3 3 2 0 0 0 0 0 0 0 
-0.009534141917223213 0 3 1 3 3 3 1 0 0 0 0 0 0 0 
0.002314053204609285 2 2 0 0 0 0 0 0 0 0 0 0 0 3 
0.002314053204609285 1 1 0 0 0 0 0 0 0 0 0 0 0 3 
0.0803632467336323 0 3 0 3 0 0 0 0 0 0 0 0 0 0 
0.0022337767637100646 2 3 3 3 3 2 0 0 0 0 0 0 0 3 
0.0022337767637100646 1 3 3 3 3 1 0 0 0 0 0 0 0 3 
0.0803632467336323 0 3 0 0 3 0 0 0 0 0 0 0 0 0 
0.12303581570204963 3 0 0 0 0 0 0 0 3 0 0 0 0 0 
0.0017244816192406652 2 2 0 0 0 0 0 0 3 0 0 0 0 0 
0.0017244816192406652 1 1 0 0 0 0 0 0 3 0 0 0 0 0 
0.0017195530117538895 2 3 3 3 3 2 0 0 3 0 0 0 0 0 
0.0017195530117538895 1 3 3 3 3 1 0 0 3 0 0 0 0 0 
0.09377880347110298 0 3 0 0 0 0 3 0 0 0 0 0 0 0 
0.08057637837194842 0 3 0 0 0 3 0 0 0 0 0 0 0 0 
-0.011606598903303414 0 2 0 3 3 2 0 0 0 0 0 0 0 0 
-0.011606598903303414 0 1 0 3 3 1 0 0 0 0 0 0 0 0 
0.020495227488521763 0 2 2 0 0 2 2 0 0 0 0 0 0 0 
0.01768377856195897 0 2 2 0 0 1 1 0 0 0 0 0 0 0 
0.0028114489265627924 0 2 1 0 0 1 2 0 0 0 0 0 0 0 
0.0028114489265627924 0 1 2 0 0 2 1 0 0 0 0 0 0 0 
0.01768377856195897 0 1 1 0 0 2 2 0 0 0 0 0 0 0 
0.020495227488521763 0 1 1 0 0 1 1 0 0 0 0 0 0 0 
-0.0006955340361457772 0 2 3 0 3 2 0 0 0 0 0 0 0 0 
-0.0006955340361457772 0 1 3 0 3 1 0 0 0 0 0 0 0 0 
-0.0006955340361457824 0 2 3 3 0 2 0 0 0 0 0 0 0 0 
-0.0006955340361457824 0 1 3 3 0 1 0 0 0 0 0 0 0 0 
-0.004420649696074452 0 2 3 3 3 2 3 0 0 0 0 0 0 0 
-0.004420649696074452 0 1 3 3 3 1 3 0 0 0 0 0 0 0 
-0.026930304550575733 0 2 3 3 3 2 0 3 0 0 0 0 0 0 
-0.026930304550575733 0 1 3 3 3 1 0 3 0 0 0 0 0 0 
0.12303581570204963 0 3 0 0 0 0 0 3 0 0 0 0 0 0 
0.0017244816192406652 0 3 0 0 0 0 0 1 1 0 0 0 0 0 
0.0017244816192406652 0 3 0 0 0 0 0 2 2 0 0 0 0 0 
0.0008333669551361852 0 2 3 3 3 3 2 1 3 1 0 0 0 0 
0.0008333669551361852 0 2 3 3 3 3 2 2 3 2 0 0 0 0 
0.0008333669551361852 0 1 3 3 3 3 1 1 3 1 0 0 0 0 
0.0008333669551361852 0 1 3 3 3 3 1 2 3 2 0 0 0 0 
-0.001680766318738855 0 2 3 3 3 2 0 1 1 0 0 0 0 0 
-0.001680766318738855 0 2 3 3 3 2 0 2 2 0 0 0 0 0 
-0.001680766318738855 0 1 3 3 3 1 0 1 1 0 0 0 0 0 
-0.001680766318738855 0 1 3 3 3 1 0 2 2 0 0 0 0 0 
0.0038378533963586673 0 2 3 2 0 0 0 1 3 3 1 0 0 0 
0.0038378533963586673 0 2 3 2 0 0 0 2 3 3 2 0 0 0 
0.0038378533963586673 0 1 3 1 0 0 0 1 3 3 1 0 0 0 
0.0038378533963586673 0 1 3 1 0 0 0 2 3 3 2 0 0 0 
0.0036595850555332697 0 2 2 0 0 0 0 1 3 1 0 0 0 0 
0.0036595850555332697 0 2 2 0 0 0 0 2 3 2 0 0 0 0 
0.0036595850555332697 0 1 1 0 0 0 0 1 3 1 0 0 0 0 
0.0036595850555332697 0 1 1 0 0 0 0 2 3 2 0 0 0 0 
0.003837853396358667 0 2 3 3 2 0 0 1 3 3 3 1 0 0 
0.003837853396358667 0 2 3 3 2 0 0 2 3 3 3 2 0 0 
0.003837853396358667 0 1 3 3 1 0 0 1 3 3 3 1 0 0 
0.003837853396358667 0 1 3 3 1 0 0 2 3 3 3 2 0 0 
-0.0009340330312522791 0 2 3 3 3 2 0 1 3 3 3 3 1 0 
-0.0009340330312522791 0 2 3 3 3 2 0 2 3 3 3 3 2 0 
-0.0009340330312522791 0 1 3 3 3 1 0 1 3 3 3 3 1 0 
-0.0009340330312522791 0 1 3 3 3 1 0 2 3 3 3 3 2 0 
0.0017195530117538895 0 3 0 0 0 0 0 1 3 3 3 3 1 0 
0.0017195530117538895 0 3 0 0 0 0 0 2 3 3 3 3 2 0 
0.0017887616653352132 0 2 3 3 3 3 2 1 3 3 3 3 3 1 
0.0017887616653352132 0 2 3 3 3 3 2 2 3 3 3 3 3 2 
0.0017887616653352132 0 1 3 3 3 3 1 1 3 3 3 3 3 1 
0.0017887616653352132 0 1 3 3 3 3 1 2 3 3 3 3 3 2 
0.005199416958897981 0 2 2 0 0 0 0 1 3 3 3 3 3 1 
0.005199416958897981 0 2 2 0 0 0 0 2 3 3 3 3 3 2 
0.005199416958897981 0 1 1 0 0 0 0 1 3 3 3 3 3 1 
0.005199416958897981 0 1 1 0 0 0 0 2 3 3 3 3 3 2 
0.10038926641978982 0 3 0 0 0 0 0 0 3 0 0 0 0 0 
0.006510033819651037 0 2 3 3 3 2 0 0 3 0 0 0 0 0 
0.006510033819651037 0 1 3 3 3 1 0 0 3 0 0 0 0 0 
0.04123841551903438 0 2 2 0 0 0 0 0 1 1 0 0 0 0 
0.04123841551903438 0 2 2 0 0 0 0 0 2 2 0 0 0 0 
0.04123841551903438 0 1 1 0 0 0 0 0 1 1 0 0 0 0 
0.04123841551903438 0 1 1 0 0 0 0 0 2 2 0 0 0 0 
0.012438634691202873 0 2 3 2 0 0 0 0 1 3 1 0 0 0 
0.012438634691202873 0 2 3 2 0 0 0 0 2 3 2 0 0 0 
0.012438634691202873 0 1 3 1 0 0 0 0 1 3 1 0 0 0 
0.012438634691202873 0 1 3 1 0 0 0 0 2 3 2 0 0 0 
-0.011255120843143587 0 2 3 3 3 3 2 0 1 1 0 0 0 0 
-0.011255120843143587 0 2 3 3 3 3 2 0 2 2 0 0 0 0 
-0.011255120843143587 0 1 3 3 3 3 1 0 1 1 0 0 0 0 
-0.011255120843143587 0 1 3 3 3 3 1 0 2 2 0 0 0 0 
0.01243863469120287 0 2 3 3 2 0 0 0 1 3 3 1 0 0 
0.01243863469120287 0 2 3 3 2 0 0 0 2 3 3 2 0 0 
0.01243863469120287 0 1 3 3 1 0 0 0 1 3 3 1 0 0 
0.01243863469120287 0 1 3 3 1 0 0 0 2 3 3 2 0 0 
0.006510033819651037 0 3 0 0 0 0 0 0 1 3 3 3 1 0 
0.006510033819651037 0 3 0 0 0 0 0 0 2 3 3 3 2 0 
0.01928256662254097 0 2 3 3 3 2 0 0 1 3 3 3 1 0 
0.01928256662254097 0 2 3 3 3 2 0 0 2 3 3 3 2 0 
0.01928256662254097 0 1 3 3 3 1 0 0 1 3 3 3 1 0 
0.01928256662254097 0 1 3 3 3 1 0 0 2 3 3 3 2 0 
-0.011255120843143587 0 2 2 0 0 0 0 0 1 3 3 3 3 1 
-0.011255120843143587 0 2 2 0 0 0 0 0 2 3 3 3 3 2 
-0.011255120843143587 0 1 1 0 0 0 0 0 1 3 3 3 3 1 
-0.011255120843143587 0 1 1 0 0 0 0 0 2 3 3 3 3 2 
0.01413793047033357 0 2 3 3 3 3 2 0 1 3 3 3 3 1 
0.01413793047033357 0 2 3 3 3 3 2 0 2 3 3 3 3 2 
0.01413793047033357 0 1 3 3 3 3 1 0 1 3 3 3 3 1 
0.01413793047033357 0 1 3 3 3 3 1 0 2 3 3 3 3 2 
0.10374337009101943 0 3 0 0 0 0 0 0 0 3 0 0 0 0 
0.012199075220717902 0 2 3 3 3 2 0 0 0 3 0 0 0 0 
0.012199075220717902 0 1 3 3 3 1 0 0 0 3 0 0 0 0 
-0.02380567412402132 0 2 2 0 0 0 0 0 0 1 3 3 1 0 
-0.02380567412402132 0 2 2 0 0 0 0 0 0 2 3 3 2 0 
-0.02380567412402132 0 1 1 0 0 0 0 0 0 1 3 3 1 0 
-0.02380567412402132 0 1 1 0 0 0 0 0 0 2 3 3 2 0 
0.01809807598506959 0 2 3 3 3 2 0 0 0 1 3 3 3 1 
0.01809807598506959 0 2 3 3 3 2 0 0 0 2 3 3 3 2 
0.01809807598506959 0 1 3 3 3 1 0 0 0 1 3 3 3 1 
0.01809807598506959 0 1 3 3 3 1 0 0 0 2 3 3 3 2 
0.015286627058506797 0 2 3 3 3 3 2 0 0 1 3 3 1 0 
0.015286627058506797 0 2 3 3 3 3 2 0 0 2 3 3 2 0 
0.015286627058506797 0 1 3 3 3 3 1 0 0 1 3 3 1 0 
0.015286627058506797 0 1 3 3 3 3 1 0 0 2 3 3 2 0 
0.0017209789259203725 0 3 0 0 0 0 0 0 0 1 3 3 3 1 
0.0017209789259203725 0 3 0 0 0 0 0 0 0 2 3 3 3 2 
-0.01257132457075872 0 2 3 3 3 2 0 0 0 0 3 0 0 0 
-0.01257132457075872 0 1 3 3 3 1 0 0 0 0 3 0 0 0 
0.011875790534612945 0 2 3 2 0 0 0 0 0 0 1 3 1 0 
0.011875790534612945 0 2 3 2 0 0 0 0 0 0 2 3 2 0 
0.011875790534612945 0 1 3 1 0 0 0 0 0 0 1 3 1 0 
0.011875790534612945 0 1 3 1 0 0 0 0 0 0 2 3 2 0 
0.09280188142483517 0 3 0 0 0 0 0 0 0 0 3 0 0 0 
0.09280188142483516 0 3 0 0 0 0 0 0 0 0 0 3 0 0 
-0.01257132457075872 0 2 3 3 3 2 0 0 0 0 0 3 0 0 
-0.01257132457075872 0 1 3 3 3 1 0 0 0 0 0 3 0 0 
0.011875790534612938 0 2 3 3 2 0 0 0 0 0 0 1 1 0 
0.011875790534612938 0 2 3 3 2 0 0 0 0 0 0 2 2 0 
0.011875790534612938 0 1 3 3 1 0 0 0 0 0 0 1 1 0 
0.011875790534612938 0 1 3 3 1 0 0 0 0 0 0 2 2 0 
0.09985894499448938 0 3 0 0 0 0 0 0 0 0 0 0 3 0 
0.00901351451958315 0 2 3 3 3 2 0 0 0 0 0 0 3 0 
0.00901351451958315 0 1 3 3 3 1 0 0 0 0 0 0 3 0 
-0.01420343521453476 0 2 3 3 3 3 2 0 0 0 0 0 1 1 
-0.01420343521453476 0 2 3 3 3 3 2 0 0 0 0 0 2 2 
-0.01420343521453476 0 1 3 3 3 3 1 0 0 0 0 0 1 1 
-0.01420343521453476 0 1 3 3 3 3 1 0 0 0 0 0 2 2 
0.035781854547028556 0 2 2 0 0 0 0 0 0 0 0 0 1 1 
0.035781854547028556 0 2 2 0 0 0 0 0 0 0 0 0 2 2 
0.035781854547028556 0 1 1 0 0 0 0 0 0 0 0 0 1 1 
0.035781854547028556 0 1 1 0 0 0 0 0 0 0 0 0 2 2 
0.009782785518460308 0 2 3 3 3 2 0 0 0 0 0 0 0 3 
0.009782785518460308 0 1 3 3 3 1 0 0 0 0 0 0 0 3 
0.10791673394143655 0 3 0 0 0 0 0 0 0 0 0 0 0 3 
0.08602871486617435 0 0 3 3 0 0 0 0 0 0 0 0 0 0 
0.08602871486617433 0 0 3 0 3 0 0 0 0 0 0 0 0 0 
0.08179057926631683 0 0 3 0 0 3 0 0 0 0 0 0 0 0 
-0.01097031158253629 0 0 2 0 3 3 2 0 0 0 0 0 0 0 
-0.01097031158253629 0 0 1 0 3 3 1 0 0 0 0 0 0 0 
0.09219927681181961 0 0 3 0 0 0 3 0 0 0 0 0 0 0 
-0.010970311582536287 0 0 2 3 0 3 2 0 0 0 0 0 0 0 
-0.010970311582536287 0 0 1 3 0 3 1 0 0 0 0 0 0 0 
-0.017139452104899113 0 0 2 3 3 0 2 0 0 0 0 0 0 0 
-0.017139452104899113 0 0 1 3 3 0 1 0 0 0 0 0 0 0 
0.11577994630401983 0 0 3 0 0 0 0 3 0 0 0 0 0 0 
-0.03455781799356928 0 0 2 3 3 3 2 3 0 0 0 0 0 0 
-0.03455781799356928 0 0 1 3 3 3 1 3 0 0 0 0 0 0 
-0.001311216148614869 0 0 2 3 3 3 2 1 1 0 0 0 0 0 
-0.001311216148614869 0 0 2 3 3 3 2 2 2 0 0 0 0 0 
-0.001311216148614869 0 0 1 3 3 3 1 1 1 0 0 0 0 0 
-0.001311216148614869 0 0 1 3 3 3 1 2 2 0 0 0 0 0 
0.0007216048000983312 0 0 3 0 0 0 0 1 1 0 0 0 0 0 
0.0007216048000983312 0 0 3 0 0 0 0 2 2 0 0 0 0 0 
-0.0007465999637981214 0 0 2 3 3 2 0 1 3 1 0 0 0 0 
-0.0007465999637981214 0 0 2 3 3 2 0 2 3 2 0 0 0 0 
-0.0007465999637981214 0 0 1 3 3 1 0 1 3 1 0 0 0 0 
-0.0007465999637981214 0 0 1 3 3 1 0 2 3 2 0 0 0 0 
-0.0008048277528563175 0 0 2 3 3 3 2 1 3 3 3 3 1 0 
-0.0008048277528563175 0 0 2 3 3 3 2 2 3 3 3 3 2 0 
-0.0008048277528563175 0 0 1 3 3 3 1 1 3 3 3 3 1 0 
-0.0008048277528563175 0 0 1 3 3 3 1 2 3 3 3 3 2 0 
0.001063334100402083 0 0 3 0 0 0 0 1 3 3 3 3 1 0 
0.001063334100402083 0 0 3 0 0 0 0 2 3 3 3 3 2 0 
-0.0005992249439618579 0 0 2 3 3 2 0 1 3 3 3 3 3 1 
-0.0005992249439618579 0 0 2 3 3 2 0 2 3 3 3 3 3 2 
-0.0005992249439618579 0 0 1 3 3 1 0 1 3 3 3 3 3 1 
-0.0005992249439618579 0 0 1 3 3 1 0 2 3 3 3 3 3 2 
0.0017209789259203725 0 0 2 3 3 3 2 0 3 0 0 0 0 0 
0.0017209789259203725 0 0 1 3 3 3 1 0 3 0 0 0 0 0 
0.10374337009101943 0 0 3 0 0 0 0 0 3 0 0 0 0 0 
-0.02380567412402132 0 0 2 3 3 2 0 0 1 1 0 0 0 0 
-0.02380567412402132 0 0 2 3 3 2 0 0 2 2 0 0 0 0 
-0.02380567412402132 0 0 1 3 3 1 0 0 1 1 0 0 0 0 
-0.02380567412402132 0 0 1 3 3 1 0 0 2 2 0 0 0 0 
0.01809807598506959 0 0 2 3 3 3 2 0 1 3 3 3 1 0 
0.01809807598506959 0 0 2 3 3 3 2 0 2 3 3 3 2 0 
0.01809807598506959 0 0 1 3 3 3 1 0 1 3 3 3 1 0 
0.01809807598506959 0 0 1 3 3 3 1 0 2 3 3 3 2 0 
0.012199075220717902 0 0 3 0 0 0 0 0 1 3 3 3 1 0 
0.012199075220717902 0 0 3 0 0 0 0 0 2 3 3 3 2 0 
0.015286627058506797 0 0 2 3 3 2 0 0 1 3 3 3 3 1 
0.015286627058506797 0 0 2 3 3 2 0 0 2 3 3 3 3 2 
0.015286627058506797 0 0 1 3 3 1 0 0 1 3 3 3 3 1 
0.015286627058506797 0 0 1 3 3 1 0 0 2 3 3 3 3 2 
0.005484222360401704 0 0 2 3 3 3 2 0 0 3 0 0 0 0 
0.005484222360401704 0 0 1 3 3 3 1 0 0 3 0 0 0 0 
0.1095211986507319 0 0 3 0 0 0 0 0 0 3 0 0 0 0 
0.003732534297867653 0 0 2 3 2 0 0 0 0 1 3 1 0 0 
0.003732534297867653 0 0 2 3 2 0 0 0 0 2 3 2 0 0 
0.003732534297867653 0 0 1 3 1 0 0 0 0 1 3 1 0 0 
0.003732534297867653 0 0 1 3 1 0 0 0 0 2 3 2 0 0 
0.003732534297867653 0 0 2 2 0 0 0 0 0 1 1 0 0 0 
0.003732534297867653 0 0 2 2 0 0 0 0 0 2 2 0 0 0 
0.003732534297867653 0 0 1 1 0 0 0 0 0 1 1 0 0 0 
0.003732534297867653 0 0 1 1 0 0 0 0 0 2 2 0 0 0 
0.020821297540248133 0 0 2 3 3 2 0 0 0 1 3 3 1 0 
0.020821297540248133 0 0 2 3 3 2 0 0 0 2 3 3 2 0 
0.020821297540248133 0 0 1 3 3 1 0 0 0 1 3 3 1 0 
0.020821297540248133 0 0 1 3 3 1 0 0 0 2 3 3 2 0 
0.005484222360401703 0 0 3 0 0 0 0 0 0 1 3 3 3 1 
0.005484222360401703 0 0 3 0 0 0 0 0 0 2 3 3 3 2 
0.020467366657321375 0 0 2 3 3 3 2 0 0 1 3 3 3 1 
0.020467366657321375 0 0 2 3 3 3 2 0 0 2 3 3 3 2 
0.020467366657321375 0 0 1 3 3 3 1 0 0 1 3 3 3 1 
0.020467366657321375 0 0 1 3 3 3 1 0 0 2 3 3 3 2 
0.0034536339034207087 0 0 2 2 0 0 0 0 0 0 1 3 3 1 
0.0034536339034207087 0 0 2 2 0 0 0 0 0 0 2 3 3 2 
0.0034536339034207087 0 0 1 1 0 0 0 0 0 0 1 3 3 1 
0.0034536339034207087 0 0 1 1 0 0 0 0 0 0 2 3 3 2 
-0.014423945485956999 0 0 2 3 3 3 2 0 0 0 3 0 0 0 
-0.014423945485956999 0 0 1 3 3 3 1 0 0 0 3 0 0 0 
0.08976124916404199 0 0 3 0 0 0 0 0 0 0 0 3 0 0 
-0.014423945485956997 0 0 2 3 3 3 2 0 0 0 0 3 0 0 
-0.014423945485956997 0 0 1 3 3 3 1 0 0 0 0 3 0 0 
0.089761249164042 0 0 3 0 0 0 0 0 0 0 3 0 0 0 
0.0034536339034207083 0 0 2 3 2 0 0 0 0 0 0 1 3 1 
0.0034536339034207083 0 0 2 3 2 0 0 0 0 0 0 2 3 2 
0.0034536339034207083 0 0 1 3 1 0 0 0 0 0 0 1 3 1 
0.0034536339034207083 0 0 1 3 1 0 0 0 0 0 0 2 3 2 
0.006866597670465727 0 0 2 3 3 3 2 0 0 0 0 0 3 0 
0.006866597670465727 0 0 1 3 3 3 1 0 0 0 0 0 3 0 
0.10261187680656496 0 0 3 0 0 0 0 0 0 0 0 0 3 0 
-0.024006049775364836 0 0 2 3 3 2 0 0 0 0 0 0 1 1 
-0.024006049775364836 0 0 2 3 3 2 0 0 0 0 0 0 2 2 
-0.024006049775364836 0 0 1 3 3 1 0 0 0 0 0 0 1 1 
-0.024006049775364836 0 0 1 3 3 1 0 0 0 0 0 0 2 2 
0.0033284617048647625 0 0 2 3 3 3 2 0 0 0 0 0 0 3 
0.0033284617048647625 0 0 1 3 3 3 1 0 0 0 0 0 0 3 
0.11266664346914099 0 0 3 0 0 0 0 0 0 0 0 0 0 3 
0.09427772585578922 0 0 0 3 3 0 0 0 0 0 0 0 0 0 
0.09405635170357526 0 0 0 3 0 0 3 0 0 0 0 0 0 0 
0.07949331198145299 0 0 0 3 0 3 0 0 0 0 0 0 0 0 
0.1422929901676354 0 0 0 3 0 0 0 3 0 0 0 0 0 0 
0.002041366761772578 0 0 0 3 0 0 0 1 1 0 0 0 0 0 
0.002041366761772578 0 0 0 3 0 0 0 2 2 0 0 0 0 0 
0.004083878387319857 0 0 0 2 3 2 0 1 3 3 1 0 0 0 
0.004083878387319857 0 0 0 2 3 2 0 2 3 3 2 0 0 0 
0.004083878387319857 0 0 0 1 3 1 0 1 3 3 1 0 0 0 
0.004083878387319857 0 0 0 1 3 1 0 2 3 3 2 0 0 0 
0.00114236173114503 0 0 0 3 0 0 0 1 3 3 3 3 1 0 
0.00114236173114503 0 0 0 3 0 0 0 2 3 3 3 3 2 0 
0.09280188142483517 0 0 0 3 0 0 0 0 3 0 0 0 0 0 
-0.01257132457075872 0 0 0 3 0 0 0 0 1 3 3 3 1 0 
-0.01257132457075872 0 0 0 3 0 0 0 0 2 3 3 3 2 0 
0.089761249164042 0 0 0 3 0 0 0 0 0 3 0 0 0 0 
0.011875790534612943 0 0 0 2 3 2 0 0 1 3 1 0 0 0 
0.011875790534612943 0 0 0 2 3 2 0 0 2 3 2 0 0 0 
0.011875790534612943 0 0 0 1 3 1 0 0 1 3 1 0 0 0 
0.011875790534612943 0 0 0 1 3 1 0 0 2 3 2 0 0 0 
0.0034536339034207083 0 0 0 2 3 3 2 0 0 1 1 0 0 0 
0.0034536339034207083 0 0 0 2 3 3 2 0 0 2 2 0 0 0 
0.0034536339034207083 0 0 0 1 3 3 1 0 0 1 1 0 0 0 
0.0034536339034207083 0 0 0 1 3 3 1 0 0 2 2 0 0 0 
-0.014423945485957 0 0 0 3 0 0 0 0 0 1 3 3 3 1 
-0.014423945485957 0 0 0 3 0 0 0 0 0 2 3 3 3 2 
0.11246476027166749 0 0 0 3 0 0 0 0 0 0 3 0 0 0 
0.006062344805292741 0 0 0 2 2 0 0 0 0 0 1 1 0 0 
0.006062344805292741 0 0 0 2 2 0 0 0 0 0 2 2 0 0 
0.006062344805292741 0 0 0 1 1 0 0 0 0 0 1 1 0 0 
0.006062344805292741 0 0 0 1 1 0 0 0 0 0 2 2 0 0 
0.012751131946707168 0 0 0 2 3 2 0 0 0 0 1 3 1 0 
0.012751131946707168 0 0 0 2 3 2 0 0 0 0 2 3 2 0 
0.012751131946707168 0 0 0 1 3 1 0 0 0 0 1 3 1 0 
0.012751131946707168 0 0 0 1 3 1 0 0 0 0 2 3 2 0 
0.0041173302053571816 0 0 0 2 3 3 2 0 0 0 1 3 3 1 
0.0041173302053571816 0 0 0 2 3 3 2 0 0 0 2 3 3 2 
0.0041173302053571816 0 0 0 1 3 3 1 0 0 0 1 3 3 1 
0.0041173302053571816 0 0 0 1 3 3 1 0 0 0 2 3 3 2 
0.10034007066108197 0 0 0 3 0 0 0 0 0 0 0 3 0 0 
0.09224444392816016 0 0 0 3 0 0 0 0 0 0 0 0 3 0 
0.09817368190893244 0 0 0 3 0 0 0 0 0 0 0 0 0 3 
0.07949331198145294 0 0 0 0 3 3 0 0 0 0 0 0 0 0 
0.09405635170357521 0 0 0 0 3 0 3 0 0 0 0 0 0 0 
0.002041366761772574 0 0 0 0 3 0 0 1 1 0 0 0 0 0 
0.002041366761772574 0 0 0 0 3 0 0 2 2 0 0 0 0 0 
0.1422929901676354 0 0 0 0 3 0 0 3 0 0 0 0 0 0 
0.0011423617311450247 0 0 0 0 3 0 0 1 3 3 3 3 1 0 
0.0011423617311450247 0 0 0 0 3 0 0 2 3 3 3 3 2 0 
0.004083878387319856 0 0 0 0 2 2 0 1 3 3 3 1 0 0 
0.004083878387319856 0 0 0 0 2 2 0 2 3 3 3 2 0 0 
0.004083878387319856 0 0 0 0 1 1 0 1 3 3 3 1 0 0 
0.004083878387319856 0 0 0 0 1 1 0 2 3 3 3 2 0 0 
0.09280188142483516 0 0 0 0 3 0 0 0 3 0 0 0 0 0 
0.011875790534612936 0 0 0 0 2 2 0 0 1 3 3 1 0 0 
0.011875790534612936 0 0 0 0 2 2 0 0 2 3 3 2 0 0 
0.011875790534612936 0 0 0 0 1 1 0 0 1 3 3 1 0 0 
0.011875790534612936 0 0 0 0 1 1 0 0 2 3 3 2 0 0 
-0.01257132457075872 0 0 0 0 3 0 0 0 1 3 3 3 1 0 
-0.01257132457075872 0 0 0 0 3 0 0 0 2 3 3 3 2 0 
0.08976124916404199 0 0 0 0 3 0 0 0 0 3 0 0 0 0 
0.0034536339034207083 0 0 0 0 2 3 2 0 0 1 3 1 0 0 
0.0034536339034207083 0 0 0 0 2 3 2 0 0 2 3 2 0 0 
0.0034536339034207083 0 0 0 0 1 3 1 0 0 1 3 1 0 0 
0.0034536339034207083 0 0 0 0 1 3 1 0 0 2 3 2 0 0 
-0.014423945485956996 0 0 0 0 3 0 0 0 0 1 3 3 3 1 
-0.014423945485956996 0 0 0 0 3 0 0 0 0 2 3 3 3 2 
0.10034007066108197 0 0 0 0 3 0 0 0 0 0 3 0 0 0 
0.11246476027166742 0 0 0 0 3 0 0 0 0 0 0 3 0 0 
0.0041173302053571816 0 0 0 0 2 3 2 0 0 0 0 1 3 1 
0.0041173302053571816 0 0 0 0 2 3 2 0 0 0 0 2 3 2 
0.0041173302053571816 0 0 0 0 1 3 1 0 0 0 0 1 3 1 
0.0041173302053571816 0 0 0 0 1 3 1 0 0 0 0 2 3 2 
0.012751131946707168 0 0 0 0 2 2 0 0 0 0 0 1 1 0 
0.012751131946707168 0 0 0 0 2 2 0 0 0 0 0 2 2 0 
0.012751131946707168 0 0 0 0 1 1 0 0 0 0 0 1 1 0 
0.012751131946707168 0 0 0 0 1 1 0 0 0 0 0 2 2 0 
0.09224444392816011 0 0 0 0 3 0 0 0 0 0 0 0 3 0 
0.09817368190893239 0 0 0 0 3 0 0 0 0 0 0 0 0 3 
0.07443921333373055 0 0 0 0 0 3 3 0 0 0 0 0 0 0 
0.11933321154027511 0 0 0 0 0 3 0 3 0 0 0 0 0 0 
0.001633078945984271 0 0 0 0 0 3 0 1 1 0 0 0 0 0 
0.001633078945984271 0 0 0 0 0 3 0 2 2 0 0 0 0 0 
0.0028700995972014637 0 0 0 0 0 2 2 1 3 1 0 0 0 0 
0.0028700995972014637 0 0 0 0 0 2 2 2 3 2 0 0 0 0 
0.0028700995972014637 0 0 0 0 0 1 1 1 3 1 0 0 0 0 
0.0028700995972014637 0 0 0 0 0 1 1 2 3 2 0 0 0 0 
0.0014815037042974172 0 0 0 0 0 3 0 1 3 3 3 3 1 0 
0.0014815037042974172 0 0 0 0 0 3 0 2 3 3 3 3 2 0 
0.004099010212155558 0 0 0 0 0 2 2 1 3 3 3 3 3 1 
0.004099010212155558 0 0 0 0 0 2 2 2 3 3 3 3 3 2 
0.004099010212155558 0 0 0 0 0 1 1 1 3 3 3 3 3 1 
0.004099010212155558 0 0 0 0 0 1 1 2 3 3 3 3 3 2 
0.09985894499448938 0 0 0 0 0 3 0 0 3 0 0 0 0 0 
0.03578185454702856 0 0 0 0 0 2 2 0 1 1 0 0 0 0 
0.03578185454702856 0 0 0 0 0 2 2 0 2 2 0 0 0 0 
0.03578185454702856 0 0 0 0 0 1 1 0 1 1 0 0 0 0 
0.03578185454702856 0 0 0 0 0 1 1 0 2 2 0 0 0 0 
0.00901351451958315 0 0 0 0 0 3 0 0 1 3 3 3 1 0 
0.00901351451958315 0 0 0 0 0 3 0 0 2 3 3 3 2 0 
-0.01420343521453476 0 0 0 0 0 2 2 0 1 3 3 3 3 1 
-0.01420343521453476 0 0 0 0 0 2 2 0 2 3 3 3 3 2 
-0.01420343521453476 0 0 0 0 0 1 1 0 1 3 3 3 3 1 
-0.01420343521453476 0 0 0 0 0 1 1 0 2 3 3 3 3 2 
0.10261187680656496 0 0 0 0 0 3 0 0 0 3 0 0 0 0 
-0.024006049775364836 0 0 0 0 0 2 2 0 0 1 3 3 1 0 
-0.024006049775364836 0 0 0 0 0 2 2 0 0 2 3 3 2 0 
-0.024006049775364836 0 0 0 0 0 1 1 0 0 1 3 3 1 0 
-0.024006049775364836 0 0 0 0 0 1 1 0 0 2 3 3 2 0 
0.006866597670465727 0 0 0 0 0 3 0 0 0 1 3 3 3 1 
0.006866597670465727 0 0 0 0 0 3 0 0 0 2 3 3 3 2 
0.09224444392816016 0 0 0 0 0 3 0 0 0 0 3 0 0 0 
0.09224444392816011 0 0 0 0 0 3 0 0 0 0 0 3 0 0 
0.10346659542299749 0 0 0 0 0 3 0 0 0 0 0 0 3 0 
0.035312569272599424 0 0 0 0 0 2 2 0 0 0 0 0 1 1 
0.035312569272599424 0 0 0 0 0 2 2 0 0 0 0 0 2 2 
0.035312569272599424 0 0 0 0 0 1 1 0 0 0 0 0 1 1 
0.035312569272599424 0 0 0 0 0 1 1 0 0 0 0 0 2 2 
0.10975178260632998 0 0 0 0 0 3 0 0 0 0 0 0 0 3 
0.14527081891748622 0 0 0 0 0 0 3 3 0 0 0 0 0 0 
0.0023140532046092848 0 0 0 0 0 0 3 1 1 0 0 0 0 0 
0.0023140532046092848 0 0 0 0 0 0 3 2 2 0 0 0 0 0 
0.0022337767637100646 0 0 0 0 0 0 3 1 3 3 3 3 1 0 
0.0022337767637100646 0 0 0 0 0 0 3 2 3 3 3 3 2 0 
0.10791673394143655 0 0 0 0 0 0 3 0 3 0 0 0 0 0 
0.009782785518460308 0 0 0 0 0 0 3 0 1 3 3 3 1 0 
0.009782785518460308 0 0 0 0 0 0 3 0 2 3 3 3 2 0 
0.11266664346914099 0 0 0 0 0 0 3 0 0 3 0 0 0 0 
0.0033284617048647625 0 0 0 0 0 0 3 0 0 1 3 3 3 1 
0.0033284617048647625 0 0 0 0 0 0 3 0 0 2 3 3 3 2 
0.09817368190893244 0 0 0 0 0 0 3 0 0 0 3 0 0 0 
0.09817368190893239 0 0 0 0 0 0 3 0 0 0 0 3 0 0 
0.10975178260632998 0 0 0 0 0 0 3 0 0 0 0 0 3 0 
0.12329533400959662 0 0 0 0 0 0 3 0 0 0 0 0 0 3 
-0.020702107067891322 0 0 0 0 0 0 0 3 2 3 3 3 2 0 
-0.020702107067891322 0 0 0 0 0 0 0 3 1 3 3 3 1 0 
0.1142353501843542 0 0 0 0 0 0 0 3 0 3 0 0 0 0 
0.11622633124105697 0 0 0 0 0 0 0 3 3 0 0 0 0 0 
0.1383510321560607 0 0 0 0 0 0 0 3 0 0 0 3 0 0 
0.1383510321560607 0 0 0 0 0 0 0 3 0 0 3 0 0 0 
0.11357055924153266 0 0 0 0 0 0 0 3 0 0 0 0 3 0 
-0.0316941194843471 0 0 0 0 0 0 0 3 0 2 3 3 3 2 
-0.0316941194843471 0 0 0 0 0 0 0 3 0 1 3 3 3 1 
0.13984034093335904 0 0 0 0 0 0 0 3 0 0 0 0 0 3 
3.8786693015034645e-05 0 0 0 0 0 0 0 2 0 3 3 3 2 0 
3.8786693015034645e-05 0 0 0 0 0 0 0 1 0 3 3 3 1 0 
0.005879220158131241 0 0 0 0 0 0 0 2 2 0 0 3 0 0 
0.005879220158131241 0 0 0 0 0 0 0 1 1 0 0 3 0 0 
0.004381189855631601 0 0 0 0 0 0 0 2 2 3 0 0 0 0 
0.004381189855631601 0 0 0 0 0 0 0 1 1 3 0 0 0 0 
-0.006510633107512849 0 0 0 0 0 0 0 2 2 2 3 3 3 2 
-0.002144583103751054 0 0 0 0 0 0 0 2 2 1 3 3 3 1 
-0.004366050003761795 0 0 0 0 0 0 0 2 1 1 3 3 3 2 
-0.004366050003761795 0 0 0 0 0 0 0 1 2 2 3 3 3 1 
-0.002144583103751054 0 0 0 0 0 0 0 1 1 2 3 3 3 2 
-0.006510633107512849 0 0 0 0 0 0 0 1 1 1 3 3 3 1 
0.005879220158131245 0 0 0 0 0 0 0 2 2 0 3 0 0 0 
0.005879220158131245 0 0 0 0 0 0 0 1 1 0 3 0 0 0 
0.004102814869944498 0 0 0 0 0 0 0 2 2 0 0 0 0 3 
0.004102814869944498 0 0 0 0 0 0 0 1 1 0 0 0 0 3 
0.0006990459147319917 0 0 0 0 0 0 0 2 2 0 0 0 3 0 
0.0006990459147319917 0 0 0 0 0 0 0 1 1 0 0 0 3 0 
0.00031673413660396137 0 0 0 0 0 0 0 2 3 0 3 3 2 0 
0.00031673413660396137 0 0 0 0 0 0 0 1 3 0 3 3 1 0 
0.003469324541163321 0 0 0 0 0 0 0 2 3 2 0 0 2 2 
0.003674927350057781 0 0 0 0 0 0 0 2 3 2 0 0 1 1 
-0.0002056028088944597 0 0 0 0 0 0 0 2 3 1 0 0 1 2 
-0.0002056028088944597 0 0 0 0 0 0 0 1 3 2 0 0 2 1 
0.003674927350057781 0 0 0 0 0 0 0 1 3 1 0 0 2 2 
0.003469324541163321 0 0 0 0 0 0 0 1 3 1 0 0 1 1 
0.005226240118464887 0 0 0 0 0 0 0 2 3 3 0 3 2 0 
0.005226240118464887 0 0 0 0 0 0 0 1 3 3 0 3 1 0 
0.00522624011846488 0 0 0 0 0 0 0 2 3 3 3 0 2 0 
0.00522624011846488 0 0 0 0 0 0 0 1 3 3 3 0 1 0 
0.0063327869758656235 0 0 0 0 0 0 0 2 3 3 3 3 2 3 
0.0063327869758656235 0 0 0 0 0 0 0 1 3 3 3 3 1 3 
0.0803632467336323 0 0 0 0 0 0 0 0 3 0 3 0 0 0 
0.06250495457198506 0 0 0 0 0 0 0 0 3 3 0 0 0 0 
-0.009534141917223213 0 0 0 0 0 0 0 0 3 2 3 3 3 2 
-0.009534141917223213 0 0 0 0 0 0 0 0 3 1 3 3 3 1 
0.0803632467336323 0 0 0 0 0 0 0 0 3 0 0 3 0 0 
0.08057637837194842 0 0 0 0 0 0 0 0 3 0 0 0 3 0 
0.09377880347110298 0 0 0 0 0 0 0 0 3 0 0 0 0 3 
-0.011606598903303414 0 0 0 0 0 0 0 0 2 0 3 3 2 0 
-0.011606598903303414 0 0 0 0 0 0 0 0 1 0 3 3 1 0 
0.020495227488521763 0 0 0 0 0 0 0 0 2 2 0 0 2 2 
0.01768377856195897 0 0 0 0 0 0 0 0 2 2 0 0 1 1 
0.0028114489265627924 0 0 0 0 0 0 0 0 2 1 0 0 1 2 
0.0028114489265627924 0 0 0 0 0 0 0 0 1 2 0 0 2 1 
0.01768377856195897 0 0 0 0 0 0 0 0 1 1 0 0 2 2 
0.020495227488521763 0 0 0 0 0 0 0 0 1 1 0 0 1 1 
-0.0006955340361457772 0 0 0 0 0 0 0 0 2 3 0 3 2 0 
-0.0006955340361457772 0 0 0 0 0 0 0 0 1 3 0 3 1 0 
-0.0006955340361457824 0 0 0 0 0 0 0 0 2 3 3 0 2 0 
-0.0006955340361457824 0 0 0 0 0 0 0 0 1 3 3 0 1 0 
-0.004420649696074452 0 0 0 0 0 0 0 0 2 3 3 3 2 3 
-0.004420649696074452 0 0 0 0 0 0 0 0 1 3 3 3 1 3 
0.08602871486617435 0 0 0 0 0 0 0 0 0 3 3 0 0 0 
0.08179057926631683 0 0 0 0 0 0 0 0 0 3 0 0 3 0 
0.08602871486617433 0 0 0 0 0 0 0 0 0 3 0 3 0 0 
0.09219927681181961 0 0 0 0 0 0 0 0 0 3 0 0 0 3 
-0.01097031158253629 0 0 0 0 0 0 0 0 0 2 0 3 3 2 
-0.01097031158253629 0 0 0 0 0 0 0 0 0 1 0 3 3 1 
-0.010970311582536287 0 0 0 0 0 0 0 0 0 2 3 0 3 2 
-0.010970311582536287 0 0 0 0 0 0 0 0 0 1 3 0 3 1 
-0.017139452104899113 0 0 0 0 0 0 0 0 0 2 3 3 0 2 
-0.017139452104899113 0 0 0 0 0 0 0 0 0 1 3 3 0 1 
0.09427772585578922 0 0 0 0 0 0 0 0 0 0 3 3 0 0 
0.07949331198145299 0 0 0 0 0 0 0 0 0 0 3 0 3 0 
0.09405635170357526 0 0 0 0 0 0 0 0 0 0 3 0 0 3 
0.07949331198145294 0 0 0 0 0 0 0 0 0 0 0 3 3 0 
0.09405635170357521 0 0 0 0 0 0 0 0 0 0 0 3 0 3 
0.07443921333373055 0 0 0 0 0 0 0 0 0 0 0 0 3 3 
