-55.24293279909605 0 0 0 0 0 0 0 0 0 0 0 0 0 0 
12.409408165081741 3 0 0 0 0 0 0 0 0 0 0 0 0 0 
0.1252462720258628 2 2 0 0 0 0 0 0 0 0 0 0 0 0 
0.1252462720258628 1 1 0 0 0 0 0 0 0 0 0 0 0 0 
0.04289525923590858 2 3 3 2 0 0 0 0 0 0 0 0 0 0 
0.04289525923590858 1 3 3 1 0 0 0 0 0 0 0 0 0 0 
-0.06573885510462703 2 3 3 3 3 2 0 0 0 0 0 0 0 0 
-0.06573885510462703 1 3 3 3 3 1 0 0 0 0 0 0 0 0 
1.6423291092771282 0 3 0 0 0 0 0 0 0 0 0 0 0 0 
-0.13243465392674839 0 2 3 2 0 0 0 0 0 0 0 0 0 0 
-0.13243465392674839 0 1 3 1 0 0 0 0 0 0 0 0 0 0 
0.26651890719083043 0 2 3 3 3 2 0 0 0 0 0 0 0 0 
0.26651890719083043 0 1 3 3 3 1 0 0 0 0 0 0 0 0 
1.169829683203966 0 0 3 0 0 0 0 0 0 0 0 0 0 0 
-0.37064698789612527 0 0 2 3 3 3 2 0 0 0 0 0 0 0 
-0.37064698789612527 0 0 1 3 3 3 1 0 0 0 0 0 0 0 
1.2748844229862057 0 0 0 3 0 0 0 0 0 0 0 0 0 0 
1.3619816902701747 0 0 0 0 3 0 0 0 0 0 0 0 0 0 
-0.255848576767088 0 0 0 2 3 2 0 0 0 0 0 0 0 0 
-0.255848576767088 0 0 0 1 3 1 0 0 0 0 0 0 0 0 
0.8071359922224707 0 0 0 0 0 3 0 0 0 0 0 0 0 0 
0.8157440317068387 0 0 0 0 0 0 3 0 0 0 0 0 0 0 
12.409408165081743 0 0 0 0 0 0 0 3 0 0 0 0 0 0 
0.12524627202586275 0 0 0 0 0 0 0 2 2 0 0 0 0 0 
0.12524627202586275 0 0 0 0 0 0 0 1 1 0 0 0 0 0 
0.04289525923590857 0 0 0 0 0 0 0 2 3 3 2 0 0 0 
0.04289525923590857 0 0 0 0 0 0 0 1 3 3 1 0 0 0 
-0.06573885510462703 0 0 0 0 0 0 0 2 3 3 3 3 2 0 
-0.06573885510462703 0 0 0 0 0 0 0 1 3 3 3 3 1 0 
1.6423291092771277 0 0 0 0 0 0 0 0 3 0 0 0 0 0 
-0.1324346539267484 0 0 0 0 0 0 0 0 2 3 2 0 0 0 
-0.1324346539267484 0 0 0 0 0 0 0 0 1 3 1 0 0 0 
0.26651890719083043 0 0 0 0 0 0 0 0 2 3 3 3 2 0 
0.26651890719083043 0 0 0 0 0 0 0 0 1 3 3 3 1 0 
1.1698296832039674 0 0 0 0 0 0 0 0 0 3 0 0 0 0 
-0.3706469878961252 0 0 0 0 0 0 0 0 0 2 3 3 3 2 
-0.3706469878961252 0 0 0 0 0 0 0 0 0 1 3 3 3 1 
-0.2558485767670881 0 0 0 0 0 0 0 0 0 0 2 3 2 0 
-0.2558485767670881 0 0 0 0 0 0 0 0 0 0 1 3 1 0 
1.3619816902701745 0 0 0 0 0 0 0 0 0 0 0 3 0 0 
1.2748844229862062 0 0 0 0 0 0 0 0 0 0 3 0 0 0 
0.8071359922224707 0 0 0 0 0 0 0 0 0 0 0 0 3 0 
0.8157440317068385 0 0 0 0 0 0 0 0 0 0 0 0 0 3 
-0.08724577119407141 3 0 1 3 3 3 1 0 0 0 0 0 0 0 
-0.08724577119407141 3 0 2 3 3 3 2 0 0 0 0 0 0 0 
-0.007309228012744144 2 2 2 3 3 3 2 0 0 0 0 0 0 0 
-0.0019319087010663278 2 1 1 3 3 3 2 0 0 0 0 0 0 0 
-0.005377319311677818 2 2 1 3 3 3 1 0 0 0 0 0 0 0 
-0.005377319311677818 1 1 2 3 3 3 2 0 0 0 0 0 0 0 
-0.0019319087010663278 1 2 2 3 3 3 1 0 0 0 0 0 0 0 
-0.007309228012744144 1 1 1 3 3 3 1 0 0 0 0 0 0 0 
0.000288353001083733 2 3 3 3 3 2 0 1 3 3 1 0 0 0 
0.000288353001083733 2 3 3 3 3 2 0 2 3 3 2 0 0 0 
0.000288353001083733 1 3 3 3 3 1 0 1 3 3 1 0 0 0 
0.000288353001083733 1 3 3 3 3 1 0 2 3 3 2 0 0 0 
-0.005483396400416309 2 2 0 1 3 1 0 0 0 0 0 0 0 0 
-0.0005748993383735774 2 1 0 1 3 2 0 0 0 0 0 0 0 0 
-0.006058295738789887 2 2 0 2 3 2 0 0 0 0 0 0 0 0 
-0.006058295738789887 1 1 0 1 3 1 0 0 0 0 0 0 0 0 
-0.0005748993383735774 1 2 0 2 3 1 0 0 0 0 0 0 0 0 
-0.005483396400416309 1 1 0 2 3 2 0 0 0 0 0 0 0 0 
0.0014497711944936264 2 0 3 2 0 0 0 0 0 0 0 0 0 0 
0.0014497711944936264 1 0 3 1 0 0 0 0 0 0 0 0 0 0 
0.0030698792942617614 2 3 3 3 3 3 2 0 0 0 1 3 3 1 
0.0030698792942617614 2 3 3 3 3 3 2 0 0 0 2 3 3 2 
0.0030698792942617614 1 3 3 3 3 3 1 0 0 0 1 3 3 1 
0.0030698792942617614 1 3 3 3 3 3 1 0 0 0 2 3 3 2 
0.004692067398992941 2 3 3 2 0 0 0 0 1 3 3 3 1 0 
0.004692067398992941 2 3 3 2 0 0 0 0 2 3 3 3 2 0 
0.004692067398992941 1 3 3 1 0 0 0 0 1 3 3 3 1 0 
0.004692067398992941 1 3 3 1 0 0 0 0 2 3 3 3 2 0 
0.004895195077354876 2 3 3 2 0 0 0 0 0 0 0 0 3 0 
0.004895195077354876 1 3 3 1 0 0 0 0 0 0 0 0 3 0 
0.23759485324614563 3 3 0 0 0 0 0 0 0 0 0 0 0 0 
-0.0010180211335598247 2 3 1 1 3 3 2 0 0 0 0 0 0 0 
0.0011764684143133813 2 3 2 2 3 3 2 0 0 0 0 0 0 0 
0.0021944895478732056 2 3 2 1 3 3 1 0 0 0 0 0 0 0 
0.0021944895478732056 1 3 1 2 3 3 2 0 0 0 0 0 0 0 
0.0011764684143133813 1 3 1 1 3 3 1 0 0 0 0 0 0 0 
-0.0010180211335598247 1 3 2 2 3 3 1 0 0 0 0 0 0 0 
0.006499873179150303 2 3 3 3 2 0 0 1 3 3 3 1 0 0 
0.006499873179150303 2 3 3 3 2 0 0 2 3 3 3 2 0 0 
0.006499873179150303 1 3 3 3 1 0 0 1 3 3 3 1 0 0 
0.006499873179150303 1 3 3 3 1 0 0 2 3 3 3 2 0 0 
-0.004640378227652101 2 3 3 0 3 2 0 0 0 0 0 0 0 0 
-0.004640378227652101 1 3 3 0 3 1 0 0 0 0 0 0 0 0 
0.00667645919503499 2 2 0 0 0 0 3 0 0 0 0 0 0 0 
0.00667645919503499 1 1 0 0 0 0 3 0 0 0 0 0 0 0 
0.0023369391166466625 2 3 2 0 0 0 0 0 0 0 1 3 3 1 
0.0023369391166466625 2 3 2 0 0 0 0 0 0 0 2 3 3 2 
0.0023369391166466625 1 3 1 0 0 0 0 0 0 0 1 3 3 1 
0.0023369391166466625 1 3 1 0 0 0 0 0 0 0 2 3 3 2 
0.12428989438929698 0 3 3 0 0 0 0 0 0 0 0 0 0 0 
0.002398006788885414 2 3 3 3 3 2 0 0 1 3 3 3 1 0 
0.002398006788885414 2 3 3 3 3 2 0 0 2 3 3 3 2 0 
0.002398006788885414 1 3 3 3 3 1 0 0 1 3 3 3 1 0 
0.002398006788885414 1 3 3 3 3 1 0 0 2 3 3 3 2 0 
0.0023371074058926022 2 3 3 3 3 2 0 0 0 0 0 0 3 0 
0.0023371074058926022 1 3 3 3 3 1 0 0 0 0 0 0 3 0 
0.0025813768326502424 2 3 1 0 0 1 2 0 0 0 0 0 0 0 
-0.0010984101974481032 2 3 2 0 0 2 2 0 0 0 0 0 0 0 
-0.0036797870300983456 2 3 2 0 0 1 1 0 0 0 0 0 0 0 
-0.0036797870300983456 1 3 1 0 0 2 2 0 0 0 0 0 0 0 
-0.0010984101974481032 1 3 1 0 0 1 1 0 0 0 0 0 0 0 
0.0025813768326502424 1 3 2 0 0 2 1 0 0 0 0 0 0 0 
-0.05328402954492304 3 0 0 0 0 0 0 1 3 3 3 3 1 0 
-0.05328402954492304 3 0 0 0 0 0 0 2 3 3 3 3 2 0 
0.005453437733920309 2 3 3 2 0 3 0 0 0 0 0 0 0 0 
0.005453437733920309 1 3 3 1 0 3 0 0 0 0 0 0 0 0 
0.1943329807487781 3 0 3 0 0 0 0 0 0 0 0 0 0 0 
0.27883711642243025 3 0 0 0 0 0 0 0 0 0 0 3 0 0 
-0.025146740890231535 0 3 2 3 3 3 2 0 0 0 0 0 0 0 
-0.025146740890231535 0 3 1 3 3 3 1 0 0 0 0 0 0 0 
0.0035650911929760204 2 3 2 0 0 0 0 0 1 3 3 3 3 1 
0.0035650911929760204 2 3 2 0 0 0 0 0 2 3 3 3 3 2 
0.0035650911929760204 1 3 1 0 0 0 0 0 1 3 3 3 3 1 
0.0035650911929760204 1 3 1 0 0 0 0 0 2 3 3 3 3 2 
-0.0020374102813087895 2 3 2 0 0 0 0 0 0 0 0 0 1 1 
-0.0020374102813087895 2 3 2 0 0 0 0 0 0 0 0 0 2 2 
-0.0020374102813087895 1 3 1 0 0 0 0 0 0 0 0 0 1 1 
-0.0020374102813087895 1 3 1 0 0 0 0 0 0 0 0 0 2 2 
0.004500175988924813 2 3 3 3 3 3 2 0 1 3 3 3 3 1 
0.004500175988924813 2 3 3 3 3 3 2 0 2 3 3 3 3 2 
0.004500175988924813 1 3 3 3 3 3 1 0 1 3 3 3 3 1 
0.004500175988924813 1 3 3 3 3 3 1 0 2 3 3 3 3 2 
-0.0025955176024194467 2 3 3 3 3 3 2 0 0 0 0 0 1 1 
-0.0025955176024194467 2 3 3 3 3 3 2 0 0 0 0 0 2 2 
-0.0025955176024194467 1 3 3 3 3 3 1 0 0 0 0 0 1 1 
-0.0025955176024194467 1 3 3 3 3 3 1 0 0 0 0 0 2 2 
0.004125828892858325 2 3 3 2 0 0 3 0 0 0 0 0 0 0 
0.004125828892858325 1 3 3 1 0 0 3 0 0 0 0 0 0 0 
0.000288353001083733 2 3 3 2 0 0 0 1 3 3 3 3 1 0 
0.000288353001083733 2 3 3 2 0 0 0 2 3 3 3 3 2 0 
0.000288353001083733 1 3 3 1 0 0 0 1 3 3 3 3 1 0 
0.000288353001083733 1 3 3 1 0 0 0 2 3 3 3 3 2 0 
0.0013975910789114894 1 0 3 3 3 1 0 0 0 0 0 0 0 0 
0.0013975910789114894 2 0 3 3 3 2 0 0 0 0 0 0 0 0 
0.0055455770292517454 2 2 3 0 0 0 0 0 0 0 0 0 0 0 
0.0055455770292517454 1 1 3 0 0 0 0 0 0 0 0 0 0 0 
0.0029664997362327653 2 2 0 0 0 0 0 0 0 0 0 3 0 0 
0.0029664997362327653 1 1 0 0 0 0 0 0 0 0 0 3 0 0 
0.0027821080739739924 2 3 2 0 0 0 0 2 3 2 0 0 0 0 
0.0027821080739739924 2 3 2 0 0 0 0 1 3 1 0 0 0 0 
0.0027821080739739924 1 3 1 0 0 0 0 2 3 2 0 0 0 0 
0.0027821080739739924 1 3 1 0 0 0 0 1 3 1 0 0 0 0 
0.0036855842146712487 2 3 2 0 0 0 0 2 3 3 3 3 3 2 
0.0036855842146712487 2 3 2 0 0 0 0 1 3 3 3 3 3 1 
0.0036855842146712487 1 3 1 0 0 0 0 2 3 3 3 3 3 2 
0.0036855842146712487 1 3 1 0 0 0 0 1 3 3 3 3 3 1 
0.007250082742753558 2 3 3 3 3 2 0 1 3 3 3 3 1 0 
0.007250082742753558 2 3 3 3 3 2 0 2 3 3 3 3 2 0 
0.007250082742753558 1 3 3 3 3 1 0 1 3 3 3 3 1 0 
0.007250082742753558 1 3 3 3 3 1 0 2 3 3 3 3 2 0 
0.004236062130613239 2 2 0 0 0 3 0 0 0 0 0 0 0 0 
0.004236062130613239 1 1 0 0 0 3 0 0 0 0 0 0 0 0 
0.2723372432432799 3 0 0 0 3 0 0 0 0 0 0 0 0 0 
0.0012857311611965327 2 3 3 2 0 0 0 0 0 0 0 3 0 0 
0.0012857311611965327 1 3 3 1 0 0 0 0 0 0 0 3 0 0 
0.13423647764885627 0 3 0 3 0 0 0 0 0 0 0 0 0 0 
0.0036855842146712487 2 3 3 3 3 3 2 2 3 2 0 0 0 0 
0.0036855842146712487 2 3 3 3 3 3 2 1 3 1 0 0 0 0 
0.0036855842146712487 1 3 3 3 3 3 1 2 3 2 0 0 0 0 
0.0036855842146712487 1 3 3 3 3 3 1 1 3 1 0 0 0 0 
0.004892355137554408 2 3 3 3 3 3 2 2 3 3 3 3 3 2 
0.004892355137554408 2 3 3 3 3 3 2 1 3 3 3 3 3 1 
0.004892355137554408 1 3 3 3 3 3 1 2 3 3 3 3 3 2 
0.004892355137554408 1 3 3 3 3 3 1 1 3 3 3 3 3 1 
-0.003555579998874814 2 3 3 3 3 2 3 0 0 0 0 0 0 0 
-0.003555579998874814 1 3 3 3 3 1 3 0 0 0 0 0 0 0 
0.011149717876027473 2 2 0 0 3 0 0 0 0 0 0 0 0 0 
0.011149717876027473 1 1 0 0 3 0 0 0 0 0 0 0 0 0 
-0.0014115641962144016 2 3 3 3 3 2 0 0 0 0 0 3 0 0 
-0.0014115641962144016 1 3 3 3 3 1 0 0 0 0 0 3 0 0 
0.004393722128643633 2 3 2 0 0 0 0 0 2 2 0 0 0 0 
0.004393722128643633 2 3 2 0 0 0 0 0 1 1 0 0 0 0 
0.004393722128643633 1 3 1 0 0 0 0 0 2 2 0 0 0 0 
0.004393722128643633 1 3 1 0 0 0 0 0 1 1 0 0 0 0 
0.20523818994584916 3 0 0 0 0 0 3 0 0 0 0 0 0 0 
0.004612657082617978 2 3 3 2 3 0 0 0 0 0 0 0 0 0 
0.004612657082617978 1 3 3 1 3 0 0 0 0 0 0 0 0 0 
-0.0035213862043043005 2 3 3 3 2 0 0 0 0 0 0 1 1 0 
-0.0035213862043043005 2 3 3 3 2 0 0 0 0 0 0 2 2 0 
-0.0035213862043043005 1 3 3 3 1 0 0 0 0 0 0 1 1 0 
-0.0035213862043043005 1 3 3 3 1 0 0 0 0 0 0 2 2 0 
0.005496999894042348 2 3 3 3 3 3 2 0 2 2 0 0 0 0 
0.005496999894042348 2 3 3 3 3 3 2 0 1 1 0 0 0 0 
0.005496999894042348 1 3 3 3 3 3 1 0 2 2 0 0 0 0 
0.005496999894042348 1 3 3 3 3 3 1 0 1 1 0 0 0 0 
0.10532551679660225 3 0 0 0 0 0 0 2 2 0 0 0 0 0 
0.10532551679660225 3 0 0 0 0 0 0 1 1 0 0 0 0 0 
0.1971150888227521 3 0 0 0 0 0 0 0 0 3 0 0 0 0 
0.23303238946333374 3 0 0 3 0 0 0 0 0 0 0 0 0 0 
-0.09093135540874266 3 0 0 0 0 0 0 0 0 2 3 3 3 2 
-0.09093135540874266 3 0 0 0 0 0 0 0 0 1 3 3 3 1 
0.014828675019868917 2 2 0 0 0 0 0 2 2 0 0 0 0 0 
0.014828675019868917 2 2 0 0 0 0 0 1 1 0 0 0 0 0 
0.014828675019868917 1 1 0 0 0 0 0 2 2 0 0 0 0 0 
0.014828675019868917 1 1 0 0 0 0 0 1 1 0 0 0 0 0 
0.007476275440355876 1 1 0 3 0 0 0 0 0 0 0 0 0 0 
0.007476275440355876 2 2 0 3 0 0 0 0 0 0 0 0 0 0 
-0.0006227829468619413 2 3 0 3 3 2 0 0 0 0 0 0 0 0 
-0.0006227829468619413 1 3 0 3 3 1 0 0 0 0 0 0 0 0 
-0.008108323915373772 2 2 0 0 0 0 0 2 3 3 3 3 2 0 
-0.008108323915373772 2 2 0 0 0 0 0 1 3 3 3 3 1 0 
-0.008108323915373772 1 1 0 0 0 0 0 2 3 3 3 3 2 0 
-0.008108323915373772 1 1 0 0 0 0 0 1 3 3 3 3 1 0 
0.0011518549006081123 2 2 0 0 0 0 0 0 0 3 0 0 0 0 
0.0011518549006081123 1 1 0 0 0 0 0 0 0 3 0 0 0 0 
-0.0018122281187017966 2 2 0 0 0 0 0 0 0 2 3 3 3 2 
-0.0018122281187017966 2 2 0 0 0 0 0 0 0 1 3 3 3 1 
-0.0018122281187017966 1 1 0 0 0 0 0 0 0 2 3 3 3 2 
-0.0018122281187017966 1 1 0 0 0 0 0 0 0 1 3 3 3 1 
0.005805729047595416 2 3 3 2 0 0 0 2 2 0 0 0 0 0 
0.005805729047595416 2 3 3 2 0 0 0 1 1 0 0 0 0 0 
0.005805729047595416 1 3 3 1 0 0 0 2 2 0 0 0 0 0 
0.005805729047595416 1 3 3 1 0 0 0 1 1 0 0 0 0 0 
0.001572758623560876 2 3 3 2 0 0 0 0 0 3 0 0 0 0 
0.001572758623560876 1 3 3 1 0 0 0 0 0 3 0 0 0 0 
0.00014244956877345656 2 3 3 2 0 0 0 0 0 2 3 3 3 2 
0.00014244956877345656 2 3 3 2 0 0 0 0 0 1 3 3 3 1 
0.00014244956877345656 1 3 3 1 0 0 0 0 0 2 3 3 3 2 
0.00014244956877345656 1 3 3 1 0 0 0 0 0 1 3 3 3 1 
-0.008108323915373772 2 3 3 3 3 2 0 2 2 0 0 0 0 0 
-0.008108323915373772 2 3 3 3 3 2 0 1 1 0 0 0 0 0 
-0.008108323915373772 1 3 3 3 3 1 0 2 2 0 0 0 0 0 
-0.008108323915373772 1 3 3 3 3 1 0 1 1 0 0 0 0 0 
1.1864445984174656 3 0 0 0 0 0 0 3 0 0 0 0 0 0 
-0.004932950400518702 2 3 3 3 0 2 0 0 0 0 0 0 0 0 
-0.004932950400518702 1 3 3 3 0 1 0 0 0 0 0 0 0 0 
0.0016423767487895565 2 3 3 3 3 2 0 0 0 2 3 3 3 2 
0.0016423767487895565 2 3 3 3 3 2 0 0 0 1 3 3 3 1 
0.0016423767487895565 1 3 3 3 3 1 0 0 0 2 3 3 3 2 
0.0016423767487895565 1 3 3 3 3 1 0 0 0 1 3 3 3 1 
0.00018918696244108846 2 3 3 3 3 2 0 0 0 3 0 0 0 0 
0.00018918696244108846 1 3 3 3 3 1 0 0 0 3 0 0 0 0 
0.25242352826601455 3 0 0 0 0 0 0 0 3 0 0 0 0 0 
-0.030491640991906977 3 2 3 2 0 0 0 0 0 0 0 0 0 0 
-0.030491640991906977 3 1 3 1 0 0 0 0 0 0 0 0 0 0 
0.10532551679660226 2 2 0 0 0 0 0 3 0 0 0 0 0 0 
0.10532551679660226 1 1 0 0 0 0 0 3 0 0 0 0 0 0 
0.07194783339144897 3 0 0 0 0 0 0 0 2 3 3 3 2 0 
0.07194783339144897 3 0 0 0 0 0 0 0 1 3 3 3 1 0 
0.0008542701478878753 2 3 2 0 0 0 0 0 0 1 1 0 0 0 
0.0008542701478878753 2 3 2 0 0 0 0 0 0 2 2 0 0 0 
0.0008542701478878753 1 3 1 0 0 0 0 0 0 1 1 0 0 0 
0.0008542701478878753 1 3 1 0 0 0 0 0 0 2 2 0 0 0 
0.0034615262174962466 2 2 0 0 0 0 0 0 3 0 0 0 0 0 
0.0034615262174962466 1 1 0 0 0 0 0 0 3 0 0 0 0 0 
0.04577707675859966 2 3 3 2 0 0 0 3 0 0 0 0 0 0 
0.04577707675859966 1 3 3 1 0 0 0 3 0 0 0 0 0 0 
0.0015095619452357059 2 2 0 0 0 0 0 0 2 3 3 3 2 0 
0.0015095619452357059 2 2 0 0 0 0 0 0 1 3 3 3 1 0 
0.0015095619452357059 1 1 0 0 0 0 0 0 2 3 3 3 2 0 
0.0015095619452357059 1 1 0 0 0 0 0 0 1 3 3 3 1 0 
0.0011604707023332814 2 3 3 3 3 3 2 0 0 1 1 0 0 0 
0.0011604707023332814 2 3 3 3 3 3 2 0 0 2 2 0 0 0 
0.0011604707023332814 1 3 3 3 3 3 1 0 0 1 1 0 0 0 
0.0011604707023332814 1 3 3 3 3 3 1 0 0 2 2 0 0 0 
0.0036995057002946813 2 3 3 2 0 0 0 0 3 0 0 0 0 0 
0.0036995057002946813 1 3 3 1 0 0 0 0 3 0 0 0 0 0 
-0.05328402954492305 2 3 3 3 3 2 0 3 0 0 0 0 0 0 
-0.05328402954492305 1 3 3 3 3 1 0 3 0 0 0 0 0 0 
-0.0008119699093030297 2 3 2 0 0 0 0 0 0 1 3 3 1 0 
-0.0008119699093030297 2 3 2 0 0 0 0 0 0 2 3 3 2 0 
-0.0008119699093030297 1 3 1 0 0 0 0 0 0 1 3 3 1 0 
-0.0008119699093030297 1 3 1 0 0 0 0 0 0 2 3 3 2 0 
-0.00011197086632421603 2 3 3 3 3 2 0 0 3 0 0 0 0 0 
-0.00011197086632421603 1 3 3 3 3 1 0 0 3 0 0 0 0 0 
-0.0009390000838606859 2 3 3 3 3 3 2 0 0 1 3 3 1 0 
-0.0009390000838606859 2 3 3 3 3 3 2 0 0 2 3 3 2 0 
-0.0009390000838606859 1 3 3 3 3 3 1 0 0 1 3 3 1 0 
-0.0009390000838606859 1 3 3 3 3 3 1 0 0 2 3 3 2 0 
0.0638395094760752 3 2 3 3 3 2 0 0 0 0 0 0 0 0 
0.0638395094760752 3 1 3 3 3 1 0 0 0 0 0 0 0 0 
0.002427028771448751 2 3 0 2 0 0 0 0 0 0 0 0 0 0 
0.002427028771448751 1 3 0 1 0 0 0 0 0 0 0 0 0 0 
0.19494838501083797 3 0 0 0 0 3 0 0 0 0 0 0 0 0 
0.2101305450834036 3 0 0 0 0 0 0 0 0 0 0 0 0 3 
0.002176283206110177 2 2 0 0 0 0 0 0 0 0 0 0 0 3 
0.002176283206110177 1 1 0 0 0 0 0 0 0 0 0 0 0 3 
-0.03629737003950239 3 0 0 0 0 0 0 0 1 3 1 0 0 0 
-0.03629737003950239 3 0 0 0 0 0 0 0 2 3 2 0 0 0 
-0.06253320241026095 3 0 0 0 0 0 0 0 0 0 2 3 2 0 
-0.06253320241026095 3 0 0 0 0 0 0 0 0 0 1 3 1 0 
0.0010559495985965632 2 3 3 2 0 0 0 0 0 0 0 0 0 3 
0.0010559495985965632 1 3 3 1 0 0 0 0 0 0 0 0 0 3 
-0.0022497345058010553 2 2 0 0 0 0 0 0 1 3 1 0 0 0 
-0.0022497345058010553 2 2 0 0 0 0 0 0 2 3 2 0 0 0 
-0.0022497345058010553 1 1 0 0 0 0 0 0 1 3 1 0 0 0 
-0.0022497345058010553 1 1 0 0 0 0 0 0 2 3 2 0 0 0 
-0.0007913290014233663 2 2 0 0 0 0 0 0 0 0 2 3 2 0 
-0.0007913290014233663 2 2 0 0 0 0 0 0 0 0 1 3 1 0 
-0.0007913290014233663 1 1 0 0 0 0 0 0 0 0 2 3 2 0 
-0.0007913290014233663 1 1 0 0 0 0 0 0 0 0 1 3 1 0 
-0.0009600623964553677 2 3 3 3 3 2 0 0 0 0 0 0 0 3 
-0.0009600623964553677 1 3 3 3 3 1 0 0 0 0 0 0 0 3 
0.004380111585724564 2 3 3 2 0 0 0 0 1 3 1 0 0 0 
0.004380111585724564 2 3 3 2 0 0 0 0 2 3 2 0 0 0 
0.004380111585724564 1 3 3 1 0 0 0 0 1 3 1 0 0 0 
0.004380111585724564 1 3 3 1 0 0 0 0 2 3 2 0 0 0 
-0.00013988630524404392 2 3 3 2 0 0 0 0 0 0 2 3 2 0 
-0.00013988630524404392 2 3 3 2 0 0 0 0 0 0 1 3 1 0 
-0.00013988630524404392 1 3 3 1 0 0 0 0 0 0 2 3 2 0 
-0.00013988630524404392 1 3 3 1 0 0 0 0 0 0 1 3 1 0 
0.045777076758599655 3 0 0 0 0 0 0 2 3 3 2 0 0 0 
0.045777076758599655 3 0 0 0 0 0 0 1 3 3 1 0 0 0 
0.005266966737366519 2 3 3 3 3 2 0 0 1 3 1 0 0 0 
0.005266966737366519 2 3 3 3 3 2 0 0 2 3 2 0 0 0 
0.005266966737366519 1 3 3 3 3 1 0 0 1 3 1 0 0 0 
0.005266966737366519 1 3 3 3 3 1 0 0 2 3 2 0 0 0 
0.005805729047595416 2 2 0 0 0 0 0 2 3 3 2 0 0 0 
0.005805729047595416 2 2 0 0 0 0 0 1 3 3 1 0 0 0 
0.005805729047595416 1 1 0 0 0 0 0 2 3 3 2 0 0 0 
0.005805729047595416 1 1 0 0 0 0 0 1 3 3 1 0 0 0 
0.0033269259214214445 2 3 3 3 2 0 0 0 0 0 1 1 0 0 
0.0033269259214214445 2 3 3 3 2 0 0 0 0 0 2 2 0 0 
0.0033269259214214445 1 3 3 3 1 0 0 0 0 0 1 1 0 0 
0.0033269259214214445 1 3 3 3 1 0 0 0 0 0 2 2 0 0 
0.008183218139794708 2 3 3 3 2 0 0 0 1 3 3 1 0 0 
0.008183218139794708 2 3 3 3 2 0 0 0 2 3 3 2 0 0 
0.008183218139794708 1 3 3 3 1 0 0 0 1 3 3 1 0 0 
0.008183218139794708 1 3 3 3 1 0 0 0 2 3 3 2 0 0 
0.00654346108025834 2 3 3 2 0 0 0 2 3 3 2 0 0 0 
0.00654346108025834 2 3 3 2 0 0 0 1 3 3 1 0 0 0 
0.00654346108025834 1 3 3 1 0 0 0 2 3 3 2 0 0 0 
0.00654346108025834 1 3 3 1 0 0 0 1 3 3 1 0 0 0 
-0.062244849409177204 3 0 0 1 3 1 0 0 0 0 0 0 0 0 
-0.062244849409177204 3 0 0 2 3 2 0 0 0 0 0 0 0 0 
0.20219846775359152 3 0 0 0 0 0 0 0 0 0 0 0 3 0 
0.0018380553417278248 2 2 0 0 0 0 0 0 0 0 0 0 3 0 
0.0018380553417278248 1 1 0 0 0 0 0 0 0 0 0 0 3 0 
0.0005582426565654334 2 3 3 3 3 2 0 0 0 0 1 3 1 0 
0.0005582426565654334 2 3 3 3 3 2 0 0 0 0 2 3 2 0 
0.0005582426565654334 1 3 3 3 3 1 0 0 0 0 1 3 1 0 
0.0005582426565654334 1 3 3 3 3 1 0 0 0 0 2 3 2 0 
0.2395758505435921 3 0 0 0 0 0 0 0 0 0 3 0 0 0 
0.0030961638546313118 2 2 0 0 0 0 0 0 0 0 3 0 0 0 
0.0030961638546313118 1 1 0 0 0 0 0 0 0 0 3 0 0 0 
-0.0023988587627543603 2 3 3 2 0 0 0 0 0 0 3 0 0 0 
-0.0023988587627543603 1 3 3 1 0 0 0 0 0 0 3 0 0 0 
-0.004500491922408058 2 3 3 3 3 2 0 0 0 0 3 0 0 0 
-0.004500491922408058 1 3 3 3 3 1 0 0 0 0 3 0 0 0 
-0.02125274998859526 0 3 0 2 3 2 0 0 0 0 0 0 0 0 
-0.02125274998859526 0 3 0 1 3 1 0 0 0 0 0 0 0 0 
0.12811506346089602 0 3 0 0 0 3 0 0 0 0 0 0 0 0 
0.15071544386531852 0 3 0 0 3 0 0 0 0 0 0 0 0 0 
0.13733186102593928 0 3 0 0 0 0 3 0 0 0 0 0 0 0 
-0.004448952048886176 0 2 0 2 0 0 0 0 0 0 0 0 0 0 
-0.004448952048886176 0 1 0 1 0 0 0 0 0 0 0 0 0 0 
0.02706393697537171 0 2 0 3 3 2 0 0 0 0 0 0 0 0 
0.02706393697537171 0 1 0 3 3 1 0 0 0 0 0 0 0 0 
0.010662053018876726 0 2 2 2 3 3 2 0 0 0 0 0 0 0 
-0.0011138215781205379 0 2 2 1 3 3 1 0 0 0 0 0 0 0 
0.011775874596997261 0 2 1 1 3 3 2 0 0 0 0 0 0 0 
0.011775874596997261 0 1 2 2 3 3 1 0 0 0 0 0 0 0 
-0.0011138215781205379 0 1 1 2 3 3 2 0 0 0 0 0 0 0 
0.010662053018876726 0 1 1 1 3 3 1 0 0 0 0 0 0 0 
-0.01404761374325611 0 2 2 0 0 2 2 0 0 0 0 0 0 0 
-0.004462546928996113 0 2 2 0 0 1 1 0 0 0 0 0 0 0 
-0.009585066814260003 0 2 1 0 0 1 2 0 0 0 0 0 0 0 
-0.009585066814260003 0 1 2 0 0 2 1 0 0 0 0 0 0 0 
-0.004462546928996113 0 1 1 0 0 2 2 0 0 0 0 0 0 0 
-0.01404761374325611 0 1 1 0 0 1 1 0 0 0 0 0 0 0 
0.029954891628939533 0 2 3 0 3 2 0 0 0 0 0 0 0 0 
0.029954891628939533 0 1 3 0 3 1 0 0 0 0 0 0 0 0 
-0.007607126376622593 0 2 3 2 3 0 0 0 0 0 0 0 0 0 
-0.007607126376622593 0 1 3 1 3 0 0 0 0 0 0 0 0 0 
-0.0019439174000452173 0 2 3 2 0 3 0 0 0 0 0 0 0 0 
-0.0019439174000452173 0 1 3 1 0 3 0 0 0 0 0 0 0 0 
0.0006461782017496563 0 2 3 2 0 0 3 0 0 0 0 0 0 0 
0.0006461782017496563 0 1 3 1 0 0 3 0 0 0 0 0 0 0 
0.023992638482475993 0 2 3 3 0 2 0 0 0 0 0 0 0 0 
0.023992638482475993 0 1 3 3 0 1 0 0 0 0 0 0 0 0 
0.018362670279862825 0 2 3 3 3 2 3 0 0 0 0 0 0 0 
0.018362670279862825 0 1 3 3 3 1 3 0 0 0 0 0 0 0 
0.25242352826601455 0 3 0 0 0 0 0 3 0 0 0 0 0 0 
0.07194783339144896 0 2 3 3 3 2 0 3 0 0 0 0 0 0 
0.07194783339144896 0 1 3 3 3 1 0 3 0 0 0 0 0 0 
0.0034615262174962466 0 3 0 0 0 0 0 1 1 0 0 0 0 0 
0.0034615262174962466 0 3 0 0 0 0 0 2 2 0 0 0 0 0 
-0.03629737003950239 0 2 3 2 0 0 0 3 0 0 0 0 0 0 
-0.03629737003950239 0 1 3 1 0 0 0 3 0 0 0 0 0 0 
-0.0022497345058010553 0 2 3 2 0 0 0 1 1 0 0 0 0 0 
-0.0022497345058010553 0 2 3 2 0 0 0 2 2 0 0 0 0 0 
-0.0022497345058010553 0 1 3 1 0 0 0 1 1 0 0 0 0 0 
-0.0022497345058010553 0 1 3 1 0 0 0 2 2 0 0 0 0 0 
0.0015095619452357059 0 2 3 3 3 2 0 1 1 0 0 0 0 0 
0.0015095619452357059 0 2 3 3 3 2 0 2 2 0 0 0 0 0 
0.0015095619452357059 0 1 3 3 3 1 0 1 1 0 0 0 0 0 
0.0015095619452357059 0 1 3 3 3 1 0 2 2 0 0 0 0 0 
0.004393722128643633 0 2 2 0 0 0 0 1 3 1 0 0 0 0 
0.004393722128643633 0 2 2 0 0 0 0 2 3 2 0 0 0 0 
0.004393722128643633 0 1 1 0 0 0 0 1 3 1 0 0 0 0 
0.004393722128643633 0 1 1 0 0 0 0 2 3 2 0 0 0 0 
0.0035650911929760204 0 2 3 3 3 3 2 1 3 1 0 0 0 0 
0.0035650911929760204 0 2 3 3 3 3 2 2 3 2 0 0 0 0 
0.0035650911929760204 0 1 3 3 3 3 1 1 3 1 0 0 0 0 
0.0035650911929760204 0 1 3 3 3 3 1 2 3 2 0 0 0 0 
0.0036995057002946817 0 3 0 0 0 0 0 1 3 3 1 0 0 0 
0.0036995057002946817 0 3 0 0 0 0 0 2 3 3 2 0 0 0 
0.004692067398992942 0 2 3 3 3 2 0 1 3 3 1 0 0 0 
0.004692067398992942 0 2 3 3 3 2 0 2 3 3 2 0 0 0 
0.004692067398992942 0 1 3 3 3 1 0 1 3 3 1 0 0 0 
0.004692067398992942 0 1 3 3 3 1 0 2 3 3 2 0 0 0 
0.004380111585724564 0 2 3 2 0 0 0 1 3 3 1 0 0 0 
0.004380111585724564 0 2 3 2 0 0 0 2 3 3 2 0 0 0 
0.004380111585724564 0 1 3 1 0 0 0 1 3 3 1 0 0 0 
0.004380111585724564 0 1 3 1 0 0 0 2 3 3 2 0 0 0 
0.008183218139794708 0 2 3 3 2 0 0 1 3 3 3 1 0 0 
0.008183218139794708 0 2 3 3 2 0 0 2 3 3 3 2 0 0 
0.008183218139794708 0 1 3 3 1 0 0 1 3 3 3 1 0 0 
0.008183218139794708 0 1 3 3 1 0 0 2 3 3 3 2 0 0 
0.005266966737366518 0 2 3 2 0 0 0 1 3 3 3 3 1 0 
0.005266966737366518 0 2 3 2 0 0 0 2 3 3 3 3 2 0 
0.005266966737366518 0 1 3 1 0 0 0 1 3 3 3 3 1 0 
0.005266966737366518 0 1 3 1 0 0 0 2 3 3 3 3 2 0 
-0.00011197086632421605 0 3 0 0 0 0 0 1 3 3 3 3 1 0 
-0.00011197086632421605 0 3 0 0 0 0 0 2 3 3 3 3 2 0 
0.005496999894042349 0 2 2 0 0 0 0 1 3 3 3 3 3 1 
0.005496999894042349 0 2 2 0 0 0 0 2 3 3 3 3 3 2 
0.005496999894042349 0 1 1 0 0 0 0 1 3 3 3 3 3 1 
0.005496999894042349 0 1 1 0 0 0 0 2 3 3 3 3 3 2 
0.004500175988924814 0 2 3 3 3 3 2 1 3 3 3 3 3 1 
0.004500175988924814 0 2 3 3 3 3 2 2 3 3 3 3 3 2 
0.004500175988924814 0 1 3 3 3 3 1 1 3 3 3 3 3 1 
0.004500175988924814 0 1 3 3 3 3 1 2 3 3 3 3 3 2 
0.002398006788885414 0 2 3 3 3 2 0 1 3 3 3 3 1 0 
0.002398006788885414 0 2 3 3 3 2 0 2 3 3 3 3 2 0 
0.002398006788885414 0 1 3 3 3 1 0 1 3 3 3 3 1 0 
0.002398006788885414 0 1 3 3 3 1 0 2 3 3 3 3 2 0 
-0.0023474203673954507 0 2 3 2 0 0 0 0 3 0 0 0 0 0 
-0.0023474203673954507 0 1 3 1 0 0 0 0 3 0 0 0 0 0 
0.1814541910537235 0 3 0 0 0 0 0 0 3 0 0 0 0 0 
0.0348333033794392 0 2 3 3 3 2 0 0 3 0 0 0 0 0 
0.0348333033794392 0 1 3 3 3 1 0 0 3 0 0 0 0 0 
0.011430125938534347 0 2 3 3 3 3 2 0 1 1 0 0 0 0 
0.011430125938534347 0 2 3 3 3 3 2 0 2 2 0 0 0 0 
0.011430125938534347 0 1 3 3 3 3 1 0 1 1 0 0 0 0 
0.011430125938534347 0 1 3 3 3 3 1 0 2 2 0 0 0 0 
-0.0023474203673954507 0 3 0 0 0 0 0 0 1 3 1 0 0 0 
-0.0023474203673954507 0 3 0 0 0 0 0 0 2 3 2 0 0 0 
0.03173351657279669 0 2 3 2 0 0 0 0 1 3 1 0 0 0 
0.03173351657279669 0 2 3 2 0 0 0 0 2 3 2 0 0 0 
0.03173351657279669 0 1 3 1 0 0 0 0 1 3 1 0 0 0 
0.03173351657279669 0 1 3 1 0 0 0 0 2 3 2 0 0 0 
0.0366592207039283 0 2 3 3 2 0 0 0 1 3 3 1 0 0 
0.0366592207039283 0 2 3 3 2 0 0 0 2 3 3 2 0 0 
0.0366592207039283 0 1 3 3 1 0 0 0 1 3 3 1 0 0 
0.0366592207039283 0 1 3 3 1 0 0 0 2 3 3 2 0 0 
0.006197425554163708 0 2 3 3 3 2 0 0 1 3 1 0 0 0 
0.006197425554163708 0 2 3 3 3 2 0 0 2 3 2 0 0 0 
0.006197425554163708 0 1 3 3 3 1 0 0 1 3 1 0 0 0 
0.006197425554163708 0 1 3 3 3 1 0 0 2 3 2 0 0 0 
0.034349784153268476 0 2 2 0 0 0 0 0 1 1 0 0 0 0 
0.034349784153268476 0 2 2 0 0 0 0 0 2 2 0 0 0 0 
0.034349784153268476 0 1 1 0 0 0 0 0 1 1 0 0 0 0 
0.034349784153268476 0 1 1 0 0 0 0 0 2 2 0 0 0 0 
0.0348333033794392 0 3 0 0 0 0 0 0 1 3 3 3 1 0 
0.0348333033794392 0 3 0 0 0 0 0 0 2 3 3 3 2 0 
0.02496389498746776 0 2 3 3 3 2 0 0 1 3 3 3 1 0 
0.02496389498746776 0 2 3 3 3 2 0 0 2 3 3 3 2 0 
0.02496389498746776 0 1 3 3 3 1 0 0 1 3 3 3 1 0 
0.02496389498746776 0 1 3 3 3 1 0 0 2 3 3 3 2 0 
0.0061974255541637074 0 2 3 2 0 0 0 0 1 3 3 3 1 0 
0.0061974255541637074 0 2 3 2 0 0 0 0 2 3 3 3 2 0 
0.0061974255541637074 0 1 3 1 0 0 0 0 1 3 3 3 1 0 
0.0061974255541637074 0 1 3 1 0 0 0 0 2 3 3 3 2 0 
0.011430125938534349 0 2 2 0 0 0 0 0 1 3 3 3 3 1 
0.011430125938534349 0 2 2 0 0 0 0 0 2 3 3 3 3 2 
0.011430125938534349 0 1 1 0 0 0 0 0 1 3 3 3 3 1 
0.011430125938534349 0 1 1 0 0 0 0 0 2 3 3 3 3 2 
0.01601165593909633 0 2 3 3 3 3 2 0 1 3 3 3 3 1 
0.01601165593909633 0 2 3 3 3 3 2 0 2 3 3 3 3 2 
0.01601165593909633 0 1 3 3 3 3 1 0 1 3 3 3 3 1 
0.01601165593909633 0 1 3 3 3 3 1 0 2 3 3 3 3 2 
0.15863967854256544 0 3 0 0 0 0 0 0 0 3 0 0 0 0 
0.0011756606896094184 0 2 3 2 0 0 0 0 0 3 0 0 0 0 
0.0011756606896094184 0 1 3 1 0 0 0 0 0 3 0 0 0 0 
0.018715014795277405 0 2 3 3 3 2 0 0 0 3 0 0 0 0 
0.018715014795277405 0 1 3 3 3 1 0 0 0 3 0 0 0 0 
0.008348922180094307 0 2 2 0 0 0 0 0 0 1 3 3 1 0 
0.008348922180094307 0 2 2 0 0 0 0 0 0 2 3 3 2 0 
0.008348922180094307 0 1 1 0 0 0 0 0 0 1 3 3 1 0 
0.008348922180094307 0 1 1 0 0 0 0 0 0 2 3 3 2 0 
0.008748117897362502 0 2 3 3 3 3 2 0 0 1 1 0 0 0 
0.008748117897362502 0 2 3 3 3 3 2 0 0 2 2 0 0 0 
0.008748117897362502 0 1 3 3 3 3 1 0 0 1 1 0 0 0 
0.008748117897362502 0 1 3 3 3 3 1 0 0 2 2 0 0 0 
-0.005624612738495596 0 2 2 0 0 0 0 0 0 1 1 0 0 0 
-0.005624612738495596 0 2 2 0 0 0 0 0 0 2 2 0 0 0 
-0.005624612738495596 0 1 1 0 0 0 0 0 0 1 1 0 0 0 
-0.005624612738495596 0 1 1 0 0 0 0 0 0 2 2 0 0 0 
-0.008401922499458626 0 2 3 3 3 3 2 0 0 1 3 3 1 0 
-0.008401922499458626 0 2 3 3 3 3 2 0 0 2 3 3 2 0 
-0.008401922499458626 0 1 3 3 3 3 1 0 0 1 3 3 1 0 
-0.008401922499458626 0 1 3 3 3 3 1 0 0 2 3 3 2 0 
0.020523992494359763 0 2 3 2 0 0 0 0 0 1 3 3 3 1 
0.020523992494359763 0 2 3 2 0 0 0 0 0 2 3 3 3 2 
0.020523992494359763 0 1 3 1 0 0 0 0 0 1 3 3 3 1 
0.020523992494359763 0 1 3 1 0 0 0 0 0 2 3 3 3 2 
-0.017986989313718626 0 2 3 3 3 2 0 0 0 1 3 3 3 1 
-0.017986989313718626 0 2 3 3 3 2 0 0 0 2 3 3 3 2 
-0.017986989313718626 0 1 3 3 3 1 0 0 0 1 3 3 3 1 
-0.017986989313718626 0 1 3 3 3 1 0 0 0 2 3 3 3 2 
-0.03657686682876589 0 3 0 0 0 0 0 0 0 1 3 3 3 1 
-0.03657686682876589 0 3 0 0 0 0 0 0 0 2 3 3 3 2 
0.16596999422165296 0 3 0 0 0 0 0 0 0 0 3 0 0 0 
0.01777397122585877 0 2 3 3 3 2 0 0 0 0 3 0 0 0 
0.01777397122585877 0 1 3 3 3 1 0 0 0 0 3 0 0 0 
0.011926565800756735 0 2 3 3 2 0 0 0 0 0 1 1 0 0 
0.011926565800756735 0 2 3 3 2 0 0 0 0 0 2 2 0 0 
0.011926565800756735 0 1 3 3 1 0 0 0 0 0 1 1 0 0 
0.011926565800756735 0 1 3 3 1 0 0 0 0 0 2 2 0 0 
-0.024710852419833937 0 2 3 2 0 0 0 0 0 0 3 0 0 0 
-0.024710852419833937 0 1 3 1 0 0 0 0 0 0 3 0 0 0 
-0.027450175542758963 0 3 0 0 0 0 0 0 0 0 1 3 1 0 
-0.027450175542758963 0 3 0 0 0 0 0 0 0 0 2 3 2 0 
0.019410170916239228 0 2 2 0 0 0 0 0 0 0 1 3 3 1 
0.019410170916239228 0 2 2 0 0 0 0 0 0 0 2 3 3 2 
0.019410170916239228 0 1 1 0 0 0 0 0 0 0 1 3 3 1 
0.019410170916239228 0 1 1 0 0 0 0 0 0 0 2 3 3 2 
-0.014718744084041401 0 2 3 3 3 2 0 0 0 0 1 3 1 0 
-0.014718744084041401 0 2 3 3 3 2 0 0 0 0 2 3 2 0 
-0.014718744084041401 0 1 3 3 3 1 0 0 0 0 1 3 1 0 
-0.014718744084041401 0 1 3 3 3 1 0 0 0 0 2 3 2 0 
0.012180920403080765 0 2 3 2 0 0 0 0 0 0 1 3 1 0 
0.012180920403080765 0 2 3 2 0 0 0 0 0 0 2 3 2 0 
0.012180920403080765 0 1 3 1 0 0 0 0 0 0 1 3 1 0 
0.012180920403080765 0 1 3 1 0 0 0 0 0 0 2 3 2 0 
0.003950005692097359 0 2 3 3 3 3 2 0 0 0 1 3 3 1 
0.003950005692097359 0 2 3 3 3 3 2 0 0 0 2 3 3 2 
0.003950005692097359 0 1 3 3 3 3 1 0 0 0 1 3 3 1 
0.003950005692097359 0 1 3 3 3 3 1 0 0 0 2 3 3 2 
0.037536709300736354 0 2 3 3 3 2 0 0 0 0 0 3 0 0 
0.037536709300736354 0 1 3 3 3 1 0 0 0 0 0 3 0 0 
0.18737466456924684 0 3 0 0 0 0 0 0 0 0 0 3 0 0 
-0.01953369217737933 0 2 3 2 0 0 0 0 0 0 0 3 0 0 
-0.01953369217737933 0 1 3 1 0 0 0 0 0 0 0 3 0 0 
-0.013544070818260357 0 2 3 3 2 0 0 0 0 0 0 1 1 0 
-0.013544070818260357 0 2 3 3 2 0 0 0 0 0 0 2 2 0 
-0.013544070818260357 0 1 3 3 1 0 0 0 0 0 0 1 1 0 
-0.013544070818260357 0 1 3 3 1 0 0 0 0 0 0 2 2 0 
0.15307895844836378 0 3 0 0 0 0 0 0 0 0 0 0 3 0 
0.012774826683996184 0 2 3 2 0 0 0 0 0 0 0 0 3 0 
0.012774826683996184 0 1 3 1 0 0 0 0 0 0 0 0 3 0 
0.024834287827366554 0 2 3 3 3 2 0 0 0 0 0 0 3 0 
0.024834287827366554 0 1 3 3 3 1 0 0 0 0 0 0 3 0 
-0.02244953624271474 0 2 2 0 0 0 0 0 0 0 0 0 1 1 
-0.02244953624271474 0 2 2 0 0 0 0 0 0 0 0 0 2 2 
-0.02244953624271474 0 1 1 0 0 0 0 0 0 0 0 0 1 1 
-0.02244953624271474 0 1 1 0 0 0 0 0 0 0 0 0 2 2 
0.0024207267504918837 0 2 3 3 3 3 2 0 0 0 0 0 1 1 
0.0024207267504918837 0 2 3 3 3 3 2 0 0 0 0 0 2 2 
0.0024207267504918837 0 1 3 3 3 3 1 0 0 0 0 0 1 1 
0.0024207267504918837 0 1 3 3 3 3 1 0 0 0 0 0 2 2 
0.15334351696503562 0 3 0 0 0 0 0 0 0 0 0 0 0 3 
-0.003303827490347704 0 2 3 2 0 0 0 0 0 0 0 0 0 3 
-0.003303827490347704 0 1 3 1 0 0 0 0 0 0 0 0 0 3 
0.01594194352937094 0 2 3 3 3 2 0 0 0 0 0 0 0 3 
0.01594194352937094 0 1 3 3 3 1 0 0 0 0 0 0 0 3 
0.13281929928640063 0 0 3 3 0 0 0 0 0 0 0 0 0 0 
-0.019888430133112932 0 0 3 2 3 2 0 0 0 0 0 0 0 0 
-0.019888430133112932 0 0 3 1 3 1 0 0 0 0 0 0 0 0 
0.1478299507291665 0 0 3 0 3 0 0 0 0 0 0 0 0 0 
0.10972869004605759 0 0 3 0 0 0 3 0 0 0 0 0 0 0 
0.12441582449746627 0 0 3 0 0 3 0 0 0 0 0 0 0 0 
-0.03815848955813196 0 0 2 0 3 3 2 0 0 0 0 0 0 0 
-0.03815848955813196 0 0 1 0 3 3 1 0 0 0 0 0 0 0 
-0.009740812629283072 0 0 2 2 0 2 2 0 0 0 0 0 0 0 
0.0016351401083051233 0 0 2 2 0 1 1 0 0 0 0 0 0 0 
-0.011375952737588194 0 0 2 1 0 1 2 0 0 0 0 0 0 0 
-0.011375952737588194 0 0 1 2 0 2 1 0 0 0 0 0 0 0 
0.0016351401083051233 0 0 1 1 0 2 2 0 0 0 0 0 0 0 
-0.009740812629283072 0 0 1 1 0 1 1 0 0 0 0 0 0 0 
-0.04269516087240546 0 0 2 3 0 3 2 0 0 0 0 0 0 0 
-0.04269516087240546 0 0 1 3 0 3 1 0 0 0 0 0 0 0 
-0.025485655168960952 0 0 2 3 3 0 2 0 0 0 0 0 0 0 
-0.025485655168960952 0 0 1 3 3 0 1 0 0 0 0 0 0 0 
0.1971150888227521 0 0 3 0 0 0 0 3 0 0 0 0 0 0 
-0.09093135540874266 0 0 2 3 3 3 2 3 0 0 0 0 0 0 
-0.09093135540874266 0 0 1 3 3 3 1 3 0 0 0 0 0 0 
0.0011518549006081123 0 0 3 0 0 0 0 1 1 0 0 0 0 0 
0.0011518549006081123 0 0 3 0 0 0 0 2 2 0 0 0 0 0 
-0.0018122281187017962 0 0 2 3 3 3 2 1 1 0 0 0 0 0 
-0.0018122281187017962 0 0 2 3 3 3 2 2 2 0 0 0 0 0 
-0.0018122281187017962 0 0 1 3 3 3 1 1 1 0 0 0 0 0 
-0.0018122281187017962 0 0 1 3 3 3 1 2 2 0 0 0 0 0 
0.0008542701478878754 0 0 2 2 0 0 0 1 3 1 0 0 0 0 
0.0008542701478878754 0 0 2 2 0 0 0 2 3 2 0 0 0 0 
0.0008542701478878754 0 0 1 1 0 0 0 1 3 1 0 0 0 0 
0.0008542701478878754 0 0 1 1 0 0 0 2 3 2 0 0 0 0 
-0.0008119699093030297 0 0 2 3 3 2 0 1 3 1 0 0 0 0 
-0.0008119699093030297 0 0 2 3 3 2 0 2 3 2 0 0 0 0 
-0.0008119699093030297 0 0 1 3 3 1 0 1 3 1 0 0 0 0 
-0.0008119699093030297 0 0 1 3 3 1 0 2 3 2 0 0 0 0 
0.0015727586235608762 0 0 3 0 0 0 0 1 3 3 1 0 0 0 
0.0015727586235608762 0 0 3 0 0 0 0 2 3 3 2 0 0 0 
0.00014244956877345656 0 0 2 3 3 3 2 1 3 3 1 0 0 0 
0.00014244956877345656 0 0 2 3 3 3 2 2 3 3 2 0 0 0 
0.00014244956877345656 0 0 1 3 3 3 1 1 3 3 1 0 0 0 
0.00014244956877345656 0 0 1 3 3 3 1 2 3 3 2 0 0 0 
0.00018918696244108846 0 0 3 0 0 0 0 1 3 3 3 3 1 0 
0.00018918696244108846 0 0 3 0 0 0 0 2 3 3 3 3 2 0 
0.0016423767487895565 0 0 2 3 3 3 2 1 3 3 3 3 1 0 
0.0016423767487895565 0 0 2 3 3 3 2 2 3 3 3 3 2 0 
0.0016423767487895565 0 0 1 3 3 3 1 1 3 3 3 3 1 0 
0.0016423767487895565 0 0 1 3 3 3 1 2 3 3 3 3 2 0 
0.0011604707023332812 0 0 2 2 0 0 0 1 3 3 3 3 3 1 
0.0011604707023332812 0 0 2 2 0 0 0 2 3 3 3 3 3 2 
0.0011604707023332812 0 0 1 1 0 0 0 1 3 3 3 3 3 1 
0.0011604707023332812 0 0 1 1 0 0 0 2 3 3 3 3 3 2 
0.15863967854256544 0 0 3 0 0 0 0 0 3 0 0 0 0 0 
-0.03657686682876588 0 0 2 3 3 3 2 0 3 0 0 0 0 0 
-0.03657686682876588 0 0 1 3 3 3 1 0 3 0 0 0 0 0 
-0.0009390000838606859 0 0 2 3 3 2 0 1 3 3 3 3 3 1 
-0.0009390000838606859 0 0 2 3 3 2 0 2 3 3 3 3 3 2 
-0.0009390000838606859 0 0 1 3 3 1 0 1 3 3 3 3 3 1 
-0.0009390000838606859 0 0 1 3 3 1 0 2 3 3 3 3 3 2 
-0.005624612738495595 0 0 2 2 0 0 0 0 1 1 0 0 0 0 
-0.005624612738495595 0 0 2 2 0 0 0 0 2 2 0 0 0 0 
-0.005624612738495595 0 0 1 1 0 0 0 0 1 1 0 0 0 0 
-0.005624612738495595 0 0 1 1 0 0 0 0 2 2 0 0 0 0 
0.0011756606896094184 0 0 3 0 0 0 0 0 1 3 1 0 0 0 
0.0011756606896094184 0 0 3 0 0 0 0 0 2 3 2 0 0 0 
0.020523992494359766 0 0 2 3 3 3 2 0 1 3 1 0 0 0 
0.020523992494359766 0 0 2 3 3 3 2 0 2 3 2 0 0 0 
0.020523992494359766 0 0 1 3 3 3 1 0 1 3 1 0 0 0 
0.020523992494359766 0 0 1 3 3 3 1 0 2 3 2 0 0 0 
0.008348922180094307 0 0 2 3 3 2 0 0 1 1 0 0 0 0 
0.008348922180094307 0 0 2 3 3 2 0 0 2 2 0 0 0 0 
0.008348922180094307 0 0 1 3 3 1 0 0 1 1 0 0 0 0 
0.008348922180094307 0 0 1 3 3 1 0 0 2 2 0 0 0 0 
0.01871501479527741 0 0 3 0 0 0 0 0 1 3 3 3 1 0 
0.01871501479527741 0 0 3 0 0 0 0 0 2 3 3 3 2 0 
-0.017986989313718626 0 0 2 3 3 3 2 0 1 3 3 3 1 0 
-0.017986989313718626 0 0 2 3 3 3 2 0 2 3 3 3 2 0 
-0.017986989313718626 0 0 1 3 3 3 1 0 1 3 3 3 1 0 
-0.017986989313718626 0 0 1 3 3 3 1 0 2 3 3 3 2 0 
0.008748117897362502 0 0 2 2 0 0 0 0 1 3 3 3 3 1 
0.008748117897362502 0 0 2 2 0 0 0 0 2 3 3 3 3 2 
0.008748117897362502 0 0 1 1 0 0 0 0 1 3 3 3 3 1 
0.008748117897362502 0 0 1 1 0 0 0 0 2 3 3 3 3 2 
-0.008401922499458626 0 0 2 3 3 2 0 0 1 3 3 3 3 1 
-0.008401922499458626 0 0 2 3 3 2 0 0 2 3 3 3 3 2 
-0.008401922499458626 0 0 1 3 3 1 0 0 1 3 3 3 3 1 
-0.008401922499458626 0 0 1 3 3 1 0 0 2 3 3 3 3 2 
-0.0223461534208078 0 0 2 3 3 3 2 0 0 3 0 0 0 0 
-0.0223461534208078 0 0 1 3 3 3 1 0 0 3 0 0 0 0 
0.154319656686606 0 0 3 0 0 0 0 0 0 3 0 0 0 0 
0.013026306753756831 0 0 2 2 0 0 0 0 0 1 1 0 0 0 
0.013026306753756831 0 0 2 2 0 0 0 0 0 2 2 0 0 0 
0.013026306753756831 0 0 1 1 0 0 0 0 0 1 1 0 0 0 
0.013026306753756831 0 0 1 1 0 0 0 0 0 2 2 0 0 0 
0.006992055924307641 0 0 2 3 2 0 0 0 0 1 3 1 0 0 
0.006992055924307641 0 0 2 3 2 0 0 0 0 2 3 2 0 0 
0.006992055924307641 0 0 1 3 1 0 0 0 0 1 3 1 0 0 
0.006992055924307641 0 0 1 3 1 0 0 0 0 2 3 2 0 0 
-0.007897956883503683 0 0 2 3 3 2 0 0 0 1 1 0 0 0 
-0.007897956883503683 0 0 2 3 3 2 0 0 0 2 2 0 0 0 
-0.007897956883503683 0 0 1 3 3 1 0 0 0 1 1 0 0 0 
-0.007897956883503683 0 0 1 3 3 1 0 0 0 2 2 0 0 0 
0.016957983775145555 0 0 2 3 3 2 0 0 0 1 3 3 1 0 
0.016957983775145555 0 0 2 3 3 2 0 0 0 2 3 3 2 0 
0.016957983775145555 0 0 1 3 3 1 0 0 0 1 3 3 1 0 
0.016957983775145555 0 0 1 3 3 1 0 0 0 2 3 3 2 0 
-0.007897956883503681 0 0 2 2 0 0 0 0 0 1 3 3 1 0 
-0.007897956883503681 0 0 2 2 0 0 0 0 0 2 3 3 2 0 
-0.007897956883503681 0 0 1 1 0 0 0 0 0 1 3 3 1 0 
-0.007897956883503681 0 0 1 1 0 0 0 0 0 2 3 3 2 0 
-0.0223461534208078 0 0 3 0 0 0 0 0 0 1 3 3 3 1 
-0.0223461534208078 0 0 3 0 0 0 0 0 0 2 3 3 3 2 
0.039592254244341485 0 0 2 3 3 3 2 0 0 1 3 3 3 1 
0.039592254244341485 0 0 2 3 3 3 2 0 0 2 3 3 3 2 
0.039592254244341485 0 0 1 3 3 3 1 0 0 1 3 3 3 1 
0.039592254244341485 0 0 1 3 3 3 1 0 0 2 3 3 3 2 
0.14584560604015745 0 0 3 0 0 0 0 0 0 0 3 0 0 0 
-0.036540217376885856 0 0 2 3 3 3 2 0 0 0 3 0 0 0 
-0.036540217376885856 0 0 1 3 3 3 1 0 0 0 3 0 0 0 
-0.01199047324960925 0 0 3 0 0 0 0 0 0 0 1 3 1 0 
-0.01199047324960925 0 0 3 0 0 0 0 0 0 0 2 3 2 0 
0.023432827125827223 0 0 2 3 3 3 2 0 0 0 1 3 1 0 
0.023432827125827223 0 0 2 3 3 3 2 0 0 0 2 3 2 0 
0.023432827125827223 0 0 1 3 3 3 1 0 0 0 1 3 1 0 
0.023432827125827223 0 0 1 3 3 3 1 0 0 0 2 3 2 0 
-0.0016182721812461063 0 0 2 2 0 0 0 0 0 0 1 3 3 1 
-0.0016182721812461063 0 0 2 2 0 0 0 0 0 0 2 3 3 2 
-0.0016182721812461063 0 0 1 1 0 0 0 0 0 0 1 3 3 1 
-0.0016182721812461063 0 0 1 1 0 0 0 0 0 0 2 3 3 2 
0.012056874388239028 0 0 2 3 3 2 0 0 0 0 1 3 3 1 
0.012056874388239028 0 0 2 3 3 2 0 0 0 0 2 3 3 2 
0.012056874388239028 0 0 1 3 3 1 0 0 0 0 1 3 3 1 
0.012056874388239028 0 0 1 3 3 1 0 0 0 0 2 3 3 2 
0.15482200665347412 0 0 3 0 0 0 0 0 0 0 0 3 0 0 
-0.048616065583909435 0 0 2 3 3 3 2 0 0 0 0 3 0 0 
-0.048616065583909435 0 0 1 3 3 3 1 0 0 0 0 3 0 0 
0.005920904711503976 0 0 2 3 2 0 0 0 0 0 0 1 3 1 
0.005920904711503976 0 0 2 3 2 0 0 0 0 0 0 2 3 2 
0.005920904711503976 0 0 1 3 1 0 0 0 0 0 0 1 3 1 
0.005920904711503976 0 0 1 3 1 0 0 0 0 0 0 2 3 2 
0.1413738082726118 0 0 3 0 0 0 0 0 0 0 0 0 3 0 
-0.010495919568830114 0 0 2 3 3 3 2 0 0 0 0 0 3 0 
-0.010495919568830114 0 0 1 3 3 3 1 0 0 0 0 0 3 0 
0.013692014496544147 0 0 2 2 0 0 0 0 0 0 0 0 1 1 
0.013692014496544147 0 0 2 2 0 0 0 0 0 0 0 0 2 2 
0.013692014496544147 0 0 1 1 0 0 0 0 0 0 0 0 1 1 
0.013692014496544147 0 0 1 1 0 0 0 0 0 0 0 0 2 2 
-0.01498973560013084 0 0 2 3 3 2 0 0 0 0 0 0 1 1 
-0.01498973560013084 0 0 2 3 3 2 0 0 0 0 0 0 2 2 
-0.01498973560013084 0 0 1 3 3 1 0 0 0 0 0 0 1 1 
-0.01498973560013084 0 0 1 3 3 1 0 0 0 0 0 0 2 2 
0.1493209442903991 0 0 3 0 0 0 0 0 0 0 0 0 0 3 
-0.021628258678345863 0 0 2 3 3 3 2 0 0 0 0 0 0 3 
-0.021628258678345863 0 0 1 3 3 3 1 0 0 0 0 0 0 3 
0.16321595654278484 0 0 0 3 3 0 0 0 0 0 0 0 0 0 
0.11636532249692594 0 0 0 3 0 3 0 0 0 0 0 0 0 0 
0.129031368351873 0 0 0 3 0 0 3 0 0 0 0 0 0 0 
-0.03347337113565635 0 0 0 2 0 2 0 0 0 0 0 0 0 0 
-0.03347337113565635 0 0 0 1 0 1 0 0 0 0 0 0 0 0 
-0.026080782822984074 0 0 0 2 3 2 3 0 0 0 0 0 0 0 
-0.026080782822984074 0 0 0 1 3 1 3 0 0 0 0 0 0 0 
0.2395758505435921 0 0 0 3 0 0 0 3 0 0 0 0 0 0 
-0.06253320241026093 0 0 0 2 3 2 0 3 0 0 0 0 0 0 
-0.06253320241026093 0 0 0 1 3 1 0 3 0 0 0 0 0 0 
0.0030961638546313118 0 0 0 3 0 0 0 1 1 0 0 0 0 0 
0.0030961638546313118 0 0 0 3 0 0 0 2 2 0 0 0 0 0 
-0.0007913290014233665 0 0 0 2 3 2 0 1 1 0 0 0 0 0 
-0.0007913290014233665 0 0 0 2 3 2 0 2 2 0 0 0 0 0 
-0.0007913290014233665 0 0 0 1 3 1 0 1 1 0 0 0 0 0 
-0.0007913290014233665 0 0 0 1 3 1 0 2 2 0 0 0 0 0 
-0.00013988630524404392 0 0 0 2 3 2 0 1 3 3 1 0 0 0 
-0.00013988630524404392 0 0 0 2 3 2 0 2 3 3 2 0 0 0 
-0.00013988630524404392 0 0 0 1 3 1 0 1 3 3 1 0 0 0 
-0.00013988630524404392 0 0 0 1 3 1 0 2 3 3 2 0 0 0 
-0.0023988587627543603 0 0 0 3 0 0 0 1 3 3 1 0 0 0 
-0.0023988587627543603 0 0 0 3 0 0 0 2 3 3 2 0 0 0 
0.0023369391166466625 0 0 0 2 3 3 2 1 3 1 0 0 0 0 
0.0023369391166466625 0 0 0 2 3 3 2 2 3 2 0 0 0 0 
0.0023369391166466625 0 0 0 1 3 3 1 1 3 1 0 0 0 0 
0.0023369391166466625 0 0 0 1 3 3 1 2 3 2 0 0 0 0 
0.0033269259214214445 0 0 0 2 2 0 0 1 3 3 3 1 0 0 
0.0033269259214214445 0 0 0 2 2 0 0 2 3 3 3 2 0 0 
0.0033269259214214445 0 0 0 1 1 0 0 1 3 3 3 1 0 0 
0.0033269259214214445 0 0 0 1 1 0 0 2 3 3 3 2 0 0 
-0.004500491922408057 0 0 0 3 0 0 0 1 3 3 3 3 1 0 
-0.004500491922408057 0 0 0 3 0 0 0 2 3 3 3 3 2 0 
0.0005582426565654334 0 0 0 2 3 2 0 1 3 3 3 3 1 0 
0.0005582426565654334 0 0 0 2 3 2 0 2 3 3 3 3 2 0 
0.0005582426565654334 0 0 0 1 3 1 0 1 3 3 3 3 1 0 
0.0005582426565654334 0 0 0 1 3 1 0 2 3 3 3 3 2 0 
0.003069879294261762 0 0 0 2 3 3 2 1 3 3 3 3 3 1 
0.003069879294261762 0 0 0 2 3 3 2 2 3 3 3 3 3 2 
0.003069879294261762 0 0 0 1 3 3 1 1 3 3 3 3 3 1 
0.003069879294261762 0 0 0 1 3 3 1 2 3 3 3 3 3 2 
0.16596999422165296 0 0 0 3 0 0 0 0 3 0 0 0 0 0 
-0.027450175542758967 0 0 0 2 3 2 0 0 3 0 0 0 0 0 
-0.027450175542758967 0 0 0 1 3 1 0 0 3 0 0 0 0 0 
0.019410170916239228 0 0 0 2 3 3 2 0 1 1 0 0 0 0 
0.019410170916239228 0 0 0 2 3 3 2 0 2 2 0 0 0 0 
0.019410170916239228 0 0 0 1 3 3 1 0 1 1 0 0 0 0 
0.019410170916239228 0 0 0 1 3 3 1 0 2 2 0 0 0 0 
-0.024710852419833937 0 0 0 3 0 0 0 0 1 3 1 0 0 0 
-0.024710852419833937 0 0 0 3 0 0 0 0 2 3 2 0 0 0 
0.011926565800756735 0 0 0 2 2 0 0 0 1 3 3 1 0 0 
0.011926565800756735 0 0 0 2 2 0 0 0 2 3 3 2 0 0 
0.011926565800756735 0 0 0 1 1 0 0 0 1 3 3 1 0 0 
0.011926565800756735 0 0 0 1 1 0 0 0 2 3 3 2 0 0 
0.012180920403080765 0 0 0 2 3 2 0 0 1 3 1 0 0 0 
0.012180920403080765 0 0 0 2 3 2 0 0 2 3 2 0 0 0 
0.012180920403080765 0 0 0 1 3 1 0 0 1 3 1 0 0 0 
0.012180920403080765 0 0 0 1 3 1 0 0 2 3 2 0 0 0 
0.01777397122585877 0 0 0 3 0 0 0 0 1 3 3 3 1 0 
0.01777397122585877 0 0 0 3 0 0 0 0 2 3 3 3 2 0 
-0.014718744084041403 0 0 0 2 3 2 0 0 1 3 3 3 1 0 
-0.014718744084041403 0 0 0 2 3 2 0 0 2 3 3 3 2 0 
-0.014718744084041403 0 0 0 1 3 1 0 0 1 3 3 3 1 0 
-0.014718744084041403 0 0 0 1 3 1 0 0 2 3 3 3 2 0 
0.00395000569209736 0 0 0 2 3 3 2 0 1 3 3 3 3 1 
0.00395000569209736 0 0 0 2 3 3 2 0 2 3 3 3 3 2 
0.00395000569209736 0 0 0 1 3 3 1 0 1 3 3 3 3 1 
0.00395000569209736 0 0 0 1 3 3 1 0 2 3 3 3 3 2 
0.14584560604015745 0 0 0 3 0 0 0 0 0 3 0 0 0 0 
-0.0016182721812461063 0 0 0 2 3 3 2 0 0 1 1 0 0 0 
-0.0016182721812461063 0 0 0 2 3 3 2 0 0 2 2 0 0 0 
-0.0016182721812461063 0 0 0 1 3 3 1 0 0 1 1 0 0 0 
-0.0016182721812461063 0 0 0 1 3 3 1 0 0 2 2 0 0 0 
-0.01199047324960925 0 0 0 2 3 2 0 0 0 3 0 0 0 0 
-0.01199047324960925 0 0 0 1 3 1 0 0 0 3 0 0 0 0 
0.012056874388239026 0 0 0 2 3 3 2 0 0 1 3 3 1 0 
0.012056874388239026 0 0 0 2 3 3 2 0 0 2 3 3 2 0 
0.012056874388239026 0 0 0 1 3 3 1 0 0 1 3 3 1 0 
0.012056874388239026 0 0 0 1 3 3 1 0 0 2 3 3 2 0 
0.023432827125827223 0 0 0 2 3 2 0 0 0 1 3 3 3 1 
0.023432827125827223 0 0 0 2 3 2 0 0 0 2 3 3 3 2 
0.023432827125827223 0 0 0 1 3 1 0 0 0 1 3 3 3 1 
0.023432827125827223 0 0 0 1 3 1 0 0 0 2 3 3 3 2 
-0.036540217376885856 0 0 0 3 0 0 0 0 0 1 3 3 3 1 
-0.036540217376885856 0 0 0 3 0 0 0 0 0 2 3 3 3 2 
0.18345837610200844 0 0 0 3 0 0 0 0 0 0 3 0 0 0 
0.013240512103081473 0 0 0 2 2 0 0 0 0 0 1 1 0 0 
0.013240512103081473 0 0 0 2 2 0 0 0 0 0 2 2 0 0 
0.013240512103081473 0 0 0 1 1 0 0 0 0 0 1 1 0 0 
0.013240512103081473 0 0 0 1 1 0 0 0 0 0 2 2 0 0 
-0.03260845557333617 0 0 0 2 3 2 0 0 0 0 3 0 0 0 
-0.03260845557333617 0 0 0 1 3 1 0 0 0 0 3 0 0 0 
-0.03260845557333618 0 0 0 3 0 0 0 0 0 0 1 3 1 0 
-0.03260845557333618 0 0 0 3 0 0 0 0 0 0 2 3 2 0 
0.021848667820148163 0 0 0 2 3 2 0 0 0 0 1 3 1 0 
0.021848667820148163 0 0 0 2 3 2 0 0 0 0 2 3 2 0 
0.021848667820148163 0 0 0 1 3 1 0 0 0 0 1 3 1 0 
0.021848667820148163 0 0 0 1 3 1 0 0 0 0 2 3 2 0 
0.018154115844408056 0 0 0 2 3 3 2 0 0 0 1 3 3 1 
0.018154115844408056 0 0 0 2 3 3 2 0 0 0 2 3 3 2 
0.018154115844408056 0 0 0 1 3 3 1 0 0 0 1 3 3 1 
0.018154115844408056 0 0 0 1 3 3 1 0 0 0 2 3 3 2 
-0.03398905041074263 0 0 0 2 3 2 0 0 0 0 0 3 0 0 
-0.03398905041074263 0 0 0 1 3 1 0 0 0 0 0 3 0 0 
0.17645646864586628 0 0 0 3 0 0 0 0 0 0 0 3 0 0 
0.0005156792750862721 0 0 0 2 2 0 0 0 0 0 0 1 1 0 
0.0005156792750862721 0 0 0 2 2 0 0 0 0 0 0 2 2 0 
0.0005156792750862721 0 0 0 1 1 0 0 0 0 0 0 1 1 0 
0.0005156792750862721 0 0 0 1 1 0 0 0 0 0 0 2 2 0 
-0.012492774157378128 0 0 0 2 3 2 0 0 0 0 0 0 3 0 
-0.012492774157378128 0 0 0 1 3 1 0 0 0 0 0 0 3 0 
0.1382139903170741 0 0 0 3 0 0 0 0 0 0 0 0 3 0 
-0.015072158935076845 0 0 0 2 3 3 2 0 0 0 0 0 1 1 
-0.015072158935076845 0 0 0 2 3 3 2 0 0 0 0 0 2 2 
-0.015072158935076845 0 0 0 1 3 3 1 0 0 0 0 0 1 1 
-0.015072158935076845 0 0 0 1 3 3 1 0 0 0 0 0 2 2 
0.14718548419628108 0 0 0 3 0 0 0 0 0 0 0 0 0 3 
-0.01100862388790723 0 0 0 2 3 2 0 0 0 0 0 0 0 3 
-0.01100862388790723 0 0 0 1 3 1 0 0 0 0 0 0 0 3 
0.14689861642292032 0 0 0 0 3 0 3 0 0 0 0 0 0 0 
0.1386381687786819 0 0 0 0 3 3 0 0 0 0 0 0 0 0 
0.0029664997362327653 0 0 0 0 3 0 0 1 1 0 0 0 0 0 
0.0029664997362327653 0 0 0 0 3 0 0 2 2 0 0 0 0 0 
0.0012857311611965327 0 0 0 0 3 0 0 1 3 3 1 0 0 0 
0.0012857311611965327 0 0 0 0 3 0 0 2 3 3 2 0 0 0 
0.27883711642243025 0 0 0 0 3 0 0 3 0 0 0 0 0 0 
-0.0035213862043043 0 0 0 0 2 2 0 1 3 3 3 1 0 0 
-0.0035213862043043 0 0 0 0 2 2 0 2 3 3 3 2 0 0 
-0.0035213862043043 0 0 0 0 1 1 0 1 3 3 3 1 0 0 
-0.0035213862043043 0 0 0 0 1 1 0 2 3 3 3 2 0 0 
0.18737466456924684 0 0 0 0 3 0 0 0 3 0 0 0 0 0 
-0.0014115641962144016 0 0 0 0 3 0 0 1 3 3 3 3 1 0 
-0.0014115641962144016 0 0 0 0 3 0 0 2 3 3 3 3 2 0 
0.037536709300736354 0 0 0 0 3 0 0 0 1 3 3 3 1 0 
0.037536709300736354 0 0 0 0 3 0 0 0 2 3 3 3 2 0 
-0.01953369217737933 0 0 0 0 3 0 0 0 1 3 1 0 0 0 
-0.01953369217737933 0 0 0 0 3 0 0 0 2 3 2 0 0 0 
-0.013544070818260355 0 0 0 0 2 2 0 0 1 3 3 1 0 0 
-0.013544070818260355 0 0 0 0 2 2 0 0 2 3 3 2 0 0 
-0.013544070818260355 0 0 0 0 1 1 0 0 1 3 3 1 0 0 
-0.013544070818260355 0 0 0 0 1 1 0 0 2 3 3 2 0 0 
0.15482200665347412 0 0 0 0 3 0 0 0 0 3 0 0 0 0 
0.005920904711503975 0 0 0 0 2 3 2 0 0 1 3 1 0 0 
0.005920904711503975 0 0 0 0 2 3 2 0 0 2 3 2 0 0 
0.005920904711503975 0 0 0 0 1 3 1 0 0 1 3 1 0 0 
0.005920904711503975 0 0 0 0 1 3 1 0 0 2 3 2 0 0 
-0.04861606558390944 0 0 0 0 3 0 0 0 0 1 3 3 3 1 
-0.04861606558390944 0 0 0 0 3 0 0 0 0 2 3 3 3 2 
0.17645646864586628 0 0 0 0 3 0 0 0 0 0 3 0 0 0 
-0.03398905041074263 0 0 0 0 3 0 0 0 0 0 1 3 1 0 
-0.03398905041074263 0 0 0 0 3 0 0 0 0 0 2 3 2 0 
0.000515679275086272 0 0 0 0 2 2 0 0 0 0 1 1 0 0 
0.000515679275086272 0 0 0 0 2 2 0 0 0 0 2 2 0 0 
0.000515679275086272 0 0 0 0 1 1 0 0 0 0 1 1 0 0 
0.000515679275086272 0 0 0 0 1 1 0 0 0 0 2 2 0 0 
0.22003977334376068 0 0 0 0 3 0 0 0 0 0 0 3 0 0 
0.009130708303534431 0 0 0 0 2 2 0 0 0 0 0 1 1 0 
0.009130708303534431 0 0 0 0 2 2 0 0 0 0 0 2 2 0 
0.009130708303534431 0 0 0 0 1 1 0 0 0 0 0 1 1 0 
0.009130708303534431 0 0 0 0 1 1 0 0 0 0 0 2 2 0 
0.006013805008250507 0 0 0 0 2 3 2 0 0 0 0 1 3 1 
0.006013805008250507 0 0 0 0 2 3 2 0 0 0 0 2 3 2 
0.006013805008250507 0 0 0 0 1 3 1 0 0 0 0 1 3 1 
0.006013805008250507 0 0 0 0 1 3 1 0 0 0 0 2 3 2 
0.14776887708221637 0 0 0 0 3 0 0 0 0 0 0 0 3 0 
0.1529124214311708 0 0 0 0 3 0 0 0 0 0 0 0 0 3 
0.11280727955971209 0 0 0 0 0 3 3 0 0 0 0 0 0 0 
0.20219846775359152 0 0 0 0 0 3 0 3 0 0 0 0 0 0 
0.0018380553417278252 0 0 0 0 0 3 0 1 1 0 0 0 0 0 
0.0018380553417278252 0 0 0 0 0 3 0 2 2 0 0 0 0 0 
-0.002037410281308789 0 0 0 0 0 2 2 1 3 1 0 0 0 0 
-0.002037410281308789 0 0 0 0 0 2 2 2 3 2 0 0 0 0 
-0.002037410281308789 0 0 0 0 0 1 1 1 3 1 0 0 0 0 
-0.002037410281308789 0 0 0 0 0 1 1 2 3 2 0 0 0 0 
0.004895195077354877 0 0 0 0 0 3 0 1 3 3 1 0 0 0 
0.004895195077354877 0 0 0 0 0 3 0 2 3 3 2 0 0 0 
0.0023371074058926022 0 0 0 0 0 3 0 1 3 3 3 3 1 0 
0.0023371074058926022 0 0 0 0 0 3 0 2 3 3 3 3 2 0 
-0.0025955176024194467 0 0 0 0 0 2 2 1 3 3 3 3 3 1 
-0.0025955176024194467 0 0 0 0 0 2 2 2 3 3 3 3 3 2 
-0.0025955176024194467 0 0 0 0 0 1 1 1 3 3 3 3 3 1 
-0.0025955176024194467 0 0 0 0 0 1 1 2 3 3 3 3 3 2 
0.15307895844836378 0 0 0 0 0 3 0 0 3 0 0 0 0 0 
-0.022449536242714743 0 0 0 0 0 2 2 0 1 1 0 0 0 0 
-0.022449536242714743 0 0 0 0 0 2 2 0 2 2 0 0 0 0 
-0.022449536242714743 0 0 0 0 0 1 1 0 1 1 0 0 0 0 
-0.022449536242714743 0 0 0 0 0 1 1 0 2 2 0 0 0 0 
0.012774826683996186 0 0 0 0 0 3 0 0 1 3 1 0 0 0 
0.012774826683996186 0 0 0 0 0 3 0 0 2 3 2 0 0 0 
0.0024207267504918833 0 0 0 0 0 2 2 0 1 3 3 3 3 1 
0.0024207267504918833 0 0 0 0 0 2 2 0 2 3 3 3 3 2 
0.0024207267504918833 0 0 0 0 0 1 1 0 1 3 3 3 3 1 
0.0024207267504918833 0 0 0 0 0 1 1 0 2 3 3 3 3 2 
0.024834287827366554 0 0 0 0 0 3 0 0 1 3 3 3 1 0 
0.024834287827366554 0 0 0 0 0 3 0 0 2 3 3 3 2 0 
0.1413738082726118 0 0 0 0 0 3 0 0 0 3 0 0 0 0 
0.01369201449654415 0 0 0 0 0 2 2 0 0 1 1 0 0 0 
0.01369201449654415 0 0 0 0 0 2 2 0 0 2 2 0 0 0 
0.01369201449654415 0 0 0 0 0 1 1 0 0 1 1 0 0 0 
0.01369201449654415 0 0 0 0 0 1 1 0 0 2 2 0 0 0 
-0.01498973560013084 0 0 0 0 0 2 2 0 0 1 3 3 1 0 
-0.01498973560013084 0 0 0 0 0 2 2 0 0 2 3 3 2 0 
-0.01498973560013084 0 0 0 0 0 1 1 0 0 1 3 3 1 0 
-0.01498973560013084 0 0 0 0 0 1 1 0 0 2 3 3 2 0 
-0.010495919568830116 0 0 0 0 0 3 0 0 0 1 3 3 3 1 
-0.010495919568830116 0 0 0 0 0 3 0 0 0 2 3 3 3 2 
0.1382139903170741 0 0 0 0 0 3 0 0 0 0 3 0 0 0 
-0.012492774157378128 0 0 0 0 0 3 0 0 0 0 1 3 1 0 
-0.012492774157378128 0 0 0 0 0 3 0 0 0 0 2 3 2 0 
-0.015072158935076843 0 0 0 0 0 2 2 0 0 0 1 3 3 1 
-0.015072158935076843 0 0 0 0 0 2 2 0 0 0 2 3 3 2 
-0.015072158935076843 0 0 0 0 0 1 1 0 0 0 1 3 3 1 
-0.015072158935076843 0 0 0 0 0 1 1 0 0 0 2 3 3 2 
0.14776887708221637 0 0 0 0 0 3 0 0 0 0 0 3 0 0 
0.14950524840652507 0 0 0 0 0 3 0 0 0 0 0 0 3 0 
0.027667716433187575 0 0 0 0 0 2 2 0 0 0 0 0 1 1 
0.027667716433187575 0 0 0 0 0 2 2 0 0 0 0 0 2 2 
0.027667716433187575 0 0 0 0 0 1 1 0 0 0 0 0 1 1 
0.027667716433187575 0 0 0 0 0 1 1 0 0 0 0 0 2 2 
0.14047499599289964 0 0 0 0 0 3 0 0 0 0 0 0 0 3 
0.2101305450834036 0 0 0 0 0 0 3 3 0 0 0 0 0 0 
0.002176283206110177 0 0 0 0 0 0 3 1 1 0 0 0 0 0 
0.002176283206110177 0 0 0 0 0 0 3 2 2 0 0 0 0 0 
0.0010559495985965632 0 0 0 0 0 0 3 1 3 3 1 0 0 0 
0.0010559495985965632 0 0 0 0 0 0 3 2 3 3 2 0 0 0 
-0.0009600623964553676 0 0 0 0 0 0 3 1 3 3 3 3 1 0 
-0.0009600623964553676 0 0 0 0 0 0 3 2 3 3 3 3 2 0 
0.15334351696503562 0 0 0 0 0 0 3 0 3 0 0 0 0 0 
-0.003303827490347704 0 0 0 0 0 0 3 0 1 3 1 0 0 0 
-0.003303827490347704 0 0 0 0 0 0 3 0 2 3 2 0 0 0 
0.01594194352937094 0 0 0 0 0 0 3 0 1 3 3 3 1 0 
0.01594194352937094 0 0 0 0 0 0 3 0 2 3 3 3 2 0 
0.1493209442903991 0 0 0 0 0 0 3 0 0 3 0 0 0 0 
-0.021628258678345863 0 0 0 0 0 0 3 0 0 1 3 3 3 1 
-0.021628258678345863 0 0 0 0 0 0 3 0 0 2 3 3 3 2 
0.14718548419628108 0 0 0 0 0 0 3 0 0 0 3 0 0 0 
-0.01100862388790723 0 0 0 0 0 0 3 0 0 0 1 3 1 0 
-0.01100862388790723 0 0 0 0 0 0 3 0 0 0 2 3 2 0 
0.1529124214311708 0 0 0 0 0 0 3 0 0 0 0 3 0 0 
0.14047499599289964 0 0 0 0 0 0 3 0 0 0 0 0 3 0 
0.15111422294621857 0 0 0 0 0 0 3 0 0 0 0 0 0 3 
0.2375948532461456 0 0 0 0 0 0 0 3 3 0 0 0 0 0 
-0.03049164099190697 0 0 0 0 0 0 0 3 2 3 2 0 0 0 
-0.03049164099190697 0 0 0 0 0 0 0 3 1 3 1 0 0 0 
0.1943329807487781 0 0 0 0 0 0 0 3 0 3 0 0 0 0 
0.06383950947607518 0 0 0 0 0 0 0 3 2 3 3 3 2 0 
0.06383950947607518 0 0 0 0 0 0 0 3 1 3 3 3 1 0 
-0.08724577119407141 0 0 0 0 0 0 0 3 0 2 3 3 3 2 
-0.08724577119407141 0 0 0 0 0 0 0 3 0 1 3 3 3 1 
0.23303238946333374 0 0 0 0 0 0 0 3 0 0 3 0 0 0 
-0.062244849409177204 0 0 0 0 0 0 0 3 0 0 2 3 2 0 
-0.062244849409177204 0 0 0 0 0 0 0 3 0 0 1 3 1 0 
0.2723372432432799 0 0 0 0 0 0 0 3 0 0 0 3 0 0 
0.19494838501083797 0 0 0 0 0 0 0 3 0 0 0 0 3 0 
0.20523818994584916 0 0 0 0 0 0 0 3 0 0 0 0 0 3 
0.0014497711944936264 0 0 0 0 0 0 0 2 0 3 2 0 0 0 
0.0014497711944936264 0 0 0 0 0 0 0 1 0 3 1 0 0 0 
0.0013975910789114894 0 0 0 0 0 0 0 2 0 3 3 3 2 0 
0.0013975910789114894 0 0 0 0 0 0 0 1 0 3 3 3 1 0 
0.0055455770292517454 0 0 0 0 0 0 0 2 2 3 0 0 0 0 
0.0055455770292517454 0 0 0 0 0 0 0 1 1 3 0 0 0 0 
-0.007309228012744145 0 0 0 0 0 0 0 2 2 2 3 3 3 2 
-0.005377319311677818 0 0 0 0 0 0 0 2 2 1 3 3 3 1 
-0.0019319087010663274 0 0 0 0 0 0 0 2 1 1 3 3 3 2 
-0.0019319087010663274 0 0 0 0 0 0 0 1 2 2 3 3 3 1 
-0.005377319311677818 0 0 0 0 0 0 0 1 1 2 3 3 3 2 
-0.007309228012744145 0 0 0 0 0 0 0 1 1 1 3 3 3 1 
0.007476275440355876 0 0 0 0 0 0 0 2 2 0 3 0 0 0 
0.007476275440355876 0 0 0 0 0 0 0 1 1 0 3 0 0 0 
0.011149717876027473 0 0 0 0 0 0 0 2 2 0 0 3 0 0 
0.011149717876027473 0 0 0 0 0 0 0 1 1 0 0 3 0 0 
-0.006058295738789887 0 0 0 0 0 0 0 2 2 0 2 3 2 0 
-0.005483396400416308 0 0 0 0 0 0 0 2 2 0 1 3 1 0 
-0.0005748993383735774 0 0 0 0 0 0 0 2 1 0 1 3 2 0 
-0.0005748993383735774 0 0 0 0 0 0 0 1 2 0 2 3 1 0 
-0.005483396400416308 0 0 0 0 0 0 0 1 1 0 2 3 2 0 
-0.006058295738789887 0 0 0 0 0 0 0 1 1 0 1 3 1 0 
0.004236062130613239 0 0 0 0 0 0 0 2 2 0 0 0 3 0 
0.004236062130613239 0 0 0 0 0 0 0 1 1 0 0 0 3 0 
0.00667645919503499 0 0 0 0 0 0 0 2 2 0 0 0 0 3 
0.00667645919503499 0 0 0 0 0 0 0 1 1 0 0 0 0 3 
0.002427028771448751 0 0 0 0 0 0 0 2 3 0 2 0 0 0 
0.002427028771448751 0 0 0 0 0 0 0 1 3 0 1 0 0 0 
-0.0006227829468619413 0 0 0 0 0 0 0 2 3 0 3 3 2 0 
-0.0006227829468619413 0 0 0 0 0 0 0 1 3 0 3 3 1 0 
0.0011764684143133813 0 0 0 0 0 0 0 2 3 2 2 3 3 2 
0.0021944895478732056 0 0 0 0 0 0 0 2 3 2 1 3 3 1 
-0.0010180211335598247 0 0 0 0 0 0 0 2 3 1 1 3 3 2 
-0.0010180211335598247 0 0 0 0 0 0 0 1 3 2 2 3 3 1 
0.0021944895478732056 0 0 0 0 0 0 0 1 3 1 2 3 3 2 
0.0011764684143133813 0 0 0 0 0 0 0 1 3 1 1 3 3 1 
-0.0010984101974481032 0 0 0 0 0 0 0 2 3 2 0 0 2 2 
-0.0036797870300983456 0 0 0 0 0 0 0 2 3 2 0 0 1 1 
0.0025813768326502424 0 0 0 0 0 0 0 2 3 1 0 0 1 2 
0.0025813768326502424 0 0 0 0 0 0 0 1 3 2 0 0 2 1 
-0.0036797870300983456 0 0 0 0 0 0 0 1 3 1 0 0 2 2 
-0.0010984101974481032 0 0 0 0 0 0 0 1 3 1 0 0 1 1 
0.004612657082617978 0 0 0 0 0 0 0 2 3 3 2 3 0 0 
0.004612657082617978 0 0 0 0 0 0 0 1 3 3 1 3 0 0 
-0.004640378227652101 0 0 0 0 0 0 0 2 3 3 0 3 2 0 
-0.004640378227652101 0 0 0 0 0 0 0 1 3 3 0 3 1 0 
0.005453437733920309 0 0 0 0 0 0 0 2 3 3 2 0 3 0 
0.005453437733920309 0 0 0 0 0 0 0 1 3 3 1 0 3 0 
0.004125828892858325 0 0 0 0 0 0 0 2 3 3 2 0 0 3 
0.004125828892858325 0 0 0 0 0 0 0 1 3 3 1 0 0 3 
-0.004932950400518702 0 0 0 0 0 0 0 2 3 3 3 0 2 0 
-0.004932950400518702 0 0 0 0 0 0 0 1 3 3 3 0 1 0 
-0.003555579998874814 0 0 0 0 0 0 0 2 3 3 3 3 2 3 
-0.003555579998874814 0 0 0 0 0 0 0 1 3 3 3 3 1 3 
0.12428989438929698 0 0 0 0 0 0 0 0 3 3 0 0 0 0 
-0.025146740890231535 0 0 0 0 0 0 0 0 3 2 3 3 3 2 
-0.025146740890231535 0 0 0 0 0 0 0 0 3 1 3 3 3 1 
-0.02125274998859526 0 0 0 0 0 0 0 0 3 0 2 3 2 0 
-0.02125274998859526 0 0 0 0 0 0 0 0 3 0 1 3 1 0 
0.13423647764885627 0 0 0 0 0 0 0 0 3 0 3 0 0 0 
0.15071544386531852 0 0 0 0 0 0 0 0 3 0 0 3 0 0 
0.13733186102593928 0 0 0 0 0 0 0 0 3 0 0 0 0 3 
0.12811506346089602 0 0 0 0 0 0 0 0 3 0 0 0 3 0 
-0.004448952048886176 0 0 0 0 0 0 0 0 2 0 2 0 0 0 
-0.004448952048886176 0 0 0 0 0 0 0 0 1 0 1 0 0 0 
0.02706393697537171 0 0 0 0 0 0 0 0 2 0 3 3 2 0 
0.02706393697537171 0 0 0 0 0 0 0 0 1 0 3 3 1 0 
0.010662053018876726 0 0 0 0 0 0 0 0 2 2 2 3 3 2 
-0.0011138215781205379 0 0 0 0 0 0 0 0 2 2 1 3 3 1 
0.011775874596997261 0 0 0 0 0 0 0 0 2 1 1 3 3 2 
0.011775874596997261 0 0 0 0 0 0 0 0 1 2 2 3 3 1 
-0.0011138215781205379 0 0 0 0 0 0 0 0 1 1 2 3 3 2 
0.010662053018876726 0 0 0 0 0 0 0 0 1 1 1 3 3 1 
-0.01404761374325611 0 0 0 0 0 0 0 0 2 2 0 0 2 2 
-0.004462546928996113 0 0 0 0 0 0 0 0 2 2 0 0 1 1 
-0.009585066814260003 0 0 0 0 0 0 0 0 2 1 0 0 1 2 
-0.009585066814260003 0 0 0 0 0 0 0 0 1 2 0 0 2 1 
-0.004462546928996113 0 0 0 0 0 0 0 0 1 1 0 0 2 2 
-0.01404761374325611 0 0 0 0 0 0 0 0 1 1 0 0 1 1 
0.029954891628939533 0 0 0 0 0 0 0 0 2 3 0 3 2 0 
0.029954891628939533 0 0 0 0 0 0 0 0 1 3 0 3 1 0 
-0.007607126376622593 0 0 0 0 0 0 0 0 2 3 2 3 0 0 
-0.007607126376622593 0 0 0 0 0 0 0 0 1 3 1 3 0 0 
-0.0019439174000452173 0 0 0 0 0 0 0 0 2 3 2 0 3 0 
-0.0019439174000452173 0 0 0 0 0 0 0 0 1 3 1 0 3 0 
0.0006461782017496563 0 0 0 0 0 0 0 0 2 3 2 0 0 3 
0.0006461782017496563 0 0 0 0 0 0 0 0 1 3 1 0 0 3 
0.023992638482475993 0 0 0 0 0 0 0 0 2 3 3 0 2 0 
0.023992638482475993 0 0 0 0 0 0 0 0 1 3 3 0 1 0 
0.018362670279862825 0 0 0 0 0 0 0 0 2 3 3 3 2 3 
0.018362670279862825 0 0 0 0 0 0 0 0 1 3 3 3 1 3 
0.13281929928640063 0 0 0 0 0 0 0 0 0 3 3 0 0 0 
-0.019888430133112932 0 0 0 0 0 0 0 0 0 3 2 3 2 0 
-0.019888430133112932 0 0 0 0 0 0 0 0 0 3 1 3 1 0 
0.1478299507291665 0 0 0 0 0 0 0 0 0 3 0 3 0 0 
0.12441582449746627 0 0 0 0 0 0 0 0 0 3 0 0 3 0 
0.10972869004605759 0 0 0 0 0 0 0 0 0 3 0 0 0 3 
-0.03815848955813196 0 0 0 0 0 0 0 0 0 2 0 3 3 2 
-0.03815848955813196 0 0 0 0 0 0 0 0 0 1 0 3 3 1 
-0.009740812629283072 0 0 0 0 0 0 0 0 0 2 2 0 2 2 
0.0016351401083051233 0 0 0 0 0 0 0 0 0 2 2 0 1 1 
-0.011375952737588194 0 0 0 0 0 0 0 0 0 2 1 0 1 2 
-0.011375952737588194 0 0 0 0 0 0 0 0 0 1 2 0 2 1 
0.0016351401083051233 0 0 0 0 0 0 0 0 0 1 1 0 2 2 
-0.009740812629283072 0 0 0 0 0 0 0 0 0 1 1 0 1 1 
-0.04269516087240546 0 0 0 0 0 0 0 0 0 2 3 0 3 2 
-0.04269516087240546 0 0 0 0 0 0 0 0 0 1 3 0 3 1 
-0.025485655168960952 0 0 0 0 0 0 0 0 0 2 3 3 0 2 
-0.025485655168960952 0 0 0 0 0 0 0 0 0 1 3 3 0 1 
0.16321595654278484 0 0 0 0 0 0 0 0 0 0 3 3 0 0 
0.11636532249692594 0 0 0 0 0 0 0 0 0 0 3 0 3 0 
0.129031368351873 0 0 0 0 0 0 0 0 0 0 3 0 0 3 
-0.03347337113565635 0 0 0 0 0 0 0 0 0 0 2 0 2 0 
-0.03347337113565635 0 0 0 0 0 0 0 0 0 0 1 0 1 0 
-0.026080782822984074 0 0 0 0 0 0 0 0 0 0 2 3 2 3 
-0.026080782822984074 0 0 0 0 0 0 0 0 0 0 1 3 1 3 
0.1386381687786819 0 0 0 0 0 0 0 0 0 0 0 3 3 0 
0.14689861642292032 0 0 0 0 0 0 0 0 0 0 0 3 0 3 
0.11280727955971209 0 0 0 0 0 0 0 0 0 0 0 0 3 3 
